13501076693576984818 1 1 1
15207011548010871691 1 1 1
2016015100068516181 1 1 1
11717325765229425493 1 1 1
12324678189547737396 1 1 1
7444875943671868221 1 1 1
12244005778504277552 1 1 1
8502725680995792575 1 1 1
14831016171558247797 1 1 1
1332551777441791747 1 1 1
11713643540287541804 1 1 2
1929350343010814336 1 1 2
5797496508128749206 1 1 2
4746119592777664744 1 1 2
13074245328257484857 1 1 2
3539293609064117644 1 1 2
16188547813561844057 1 1 2
2766259206464341821 1 1 2
7931077177229463513 1 1 2
17917617905755196479 1 1 2
11693764584972426263 1 1 4
7017938200507755516 1 1 4
13233280778298687068 1 1 4
2511199307857105339 1 1 4
11311029605308168925 1 1 4
4664612679452046101 1 1 4
6156617017189841461 1 1 4
13243062531506458034 1 1 4
726319846338927967 1 1 4
11067054658709827999 1 1 4
8070130121852101606 1 1 8
16122389009854066920 1 1 8
16920371525844979670 1 1 8
4366558618708677432 1 1 8
13066890878573353433 1 1 8
12802703096471174698 1 1 8
5076723559159031970 1 1 8
5557917802120539875 1 1 8
17135757723796863502 1 1 8
17879979543280280072 1 1 8
9154494597923645028 1 1 16
2742724531420289061 1 1 16
18036974878225463009 1 1 16
11349699112894254037 1 1 16
384725568404485105 1 1 16
3556628916173864706 1 1 16
13868671234862953475 1 1 16
14743073320433068806 1 1 16
12418883219275013114 1 1 16
5770549755253455228 1 1 16
7863493004868369116 1 1 32
11625777768394830813 1 1 32
3134107355171835622 1 1 32
3573905370875157286 1 1 32
3631182053257203675 1 1 32
16823989184455507519 1 1 32
10987766934066785762 1 1 32
7943695297292669467 1 1 32
14537835722829322666 1 1 32
1362764523667549605 1 1 32
2511650307210862962 1 1 64
10704612202928981572 1 1 64
4511014140877174764 1 1 64
5295387722887053174 1 1 64
16945043950291665167 1 1 64
15705948179577831904 1 1 64
8968981868227906830 1 1 64
1043582613481288318 1 1 64
14604629877734536741 1 1 64
14053387906638646191 1 1 64
7326874446809397495 1 1 128
221682207993461317 1 1 128
3495992591051829861 1 1 128
3487830590857710738 1 1 128
7708744519154432345 1 1 128
17647507615830710351 1 1 128
3432032437660505724 1 1 128
5634703925427903999 1 1 128
5193091993160868715 1 1 128
6009045575098948093 1 1 128
3986039131852105361 1 2 1
9934056817427540668 1 2 1
17521206176629499981 1 2 1
18060709270939713081 1 2 1
7360079373179156758 1 2 1
11879950068309344053 1 2 1
13299781050459519582 1 2 1
18299898532327835210 1 2 1
3932522934213096189 1 2 1
13751862830921484763 1 2 1
2669342292229554766 1 2 2
7539779339486590519 1 2 2
4893844542717458705 1 2 2
6250226484996931935 1 2 2
11406513870749396115 1 2 2
8712634089066032400 1 2 2
8935012885905487814 1 2 2
13492667278889168990 1 2 2
3008964149670509833 1 2 2
12187465423418120720 1 2 2
2281054997817461469 1 2 4
12113843809117342501 1 2 4
9503741651035619937 1 2 4
7446439977765705107 1 2 4
14979093677137781436 1 2 4
15356410353063384153 1 2 4
16783739869186983632 1 2 4
16968658586871476959 1 2 4
5282409372820067340 1 2 4
4696383319151295109 1 2 4
9886759037143383844 1 2 8
16148165945990794330 1 2 8
15363395065828609352 1 2 8
2579343631535583261 1 2 8
16353973573845907793 1 2 8
387854301484760511 1 2 8
10781421464459130337 1 2 8
13592428052934351620 1 2 8
2355926681229609216 1 2 8
13763980823515218193 1 2 8
1406463754252863252 1 2 16
2384394363295445658 1 2 16
10473484127237228997 1 2 16
9660403804303309025 1 2 16
2411969830829267091 1 2 16
7616571439431263733 1 2 16
9302219163094793398 1 2 16
12339096762614559985 1 2 16
5588396718392015540 1 2 16
13397363707941859781 1 2 16
9472043756844604986 1 2 32
563435275136009358 1 2 32
14276370679006894265 1 2 32
12918658025543670025 1 2 32
4559460261259898968 1 2 32
13111399692440847224 1 2 32
13177778539751520050 1 2 32
15990859061999967495 1 2 32
1848501671241179953 1 2 32
7365833768740872105 1 2 32
4308897962604231948 1 2 64
7430371075877173044 1 2 64
4721568149658355949 1 2 64
1285401150295888121 1 2 64
11769887913076233967 1 2 64
8086403699989403342 1 2 64
9684842505416767683 1 2 64
2036409984324014455 1 2 64
14126352577279073939 1 2 64
13450583641067892423 1 2 64
8508178071341977127 1 2 128
15423903789805343623 1 2 128
17097306369769984953 1 2 128
17542541521316486902 1 2 128
10622522239702541497 1 2 128
9964170480261830196 1 2 128
7686869139905300344 1 2 128
2680021101342342079 1 2 128
11371919582484653564 1 2 128
4532017286799723454 1 2 128
4891051738282910845 1 3 1
15611448597043041136 1 3 1
9153495358952163339 1 3 1
11609919066697344198 1 3 1
16989514062591677577 1 3 1
4246277652228949306 1 3 1
14520620440888964906 1 3 1
12023450275494959186 1 3 1
14910986361384109539 1 3 1
12540293250571401281 1 3 1
13444879408668481243 1 3 2
930533520941695482 1 3 2
14608926774405230659 1 3 2
8452122367137744373 1 3 2
1934878531742378226 1 3 2
2328209488073620491 1 3 2
4634777198885768760 1 3 2
5085892249093118553 1 3 2
12704104461901773310 1 3 2
2381787292919731818 1 3 2
5177906605533354906 1 3 4
5793648556916254662 1 3 4
1423737110163127731 1 3 4
11370106979916967883 1 3 4
4969322755977131649 1 3 4
4461145328784180829 1 3 4
9697918165777501498 1 3 4
11538398935679883158 1 3 4
7556160284471965118 1 3 4
13710783838544841886 1 3 4
6578157973258559934 1 3 8
3771580746822648958 1 3 8
15949690119310496072 1 3 8
906277925730719195 1 3 8
470328035900726276 1 3 8
16363178490303527719 1 3 8
6882399831090828566 1 3 8
4289537865367894688 1 3 8
9853576267157570614 1 3 8
16046904012952300741 1 3 8
13105847985596755079 1 3 16
8422093261707402134 1 3 16
7724404662802405457 1 3 16
13708287492285916401 1 3 16
9570897938759122096 1 3 16
17493637695324397351 1 3 16
13448593039882808118 1 3 16
4899810719998478153 1 3 16
884409406394027952 1 3 16
12105165816218984205 1 3 16
16755865632039043806 1 3 32
3913382024481294328 1 3 32
14251893199034272378 1 3 32
15917919889279474663 1 3 32
5900735893375909731 1 3 32
575335504536884720 1 3 32
1794855816962034602 1 3 32
9528911866811498124 1 3 32
17909699048785540471 1 3 32
8024354763528019183 1 3 32
3629876652223709079 1 3 64
16221111458768554596 1 3 64
9832278514484901828 1 3 64
17382941429627759378 1 3 64
18271728245766373274 1 3 64
16160493834789769285 1 3 64
4509693207552250176 1 3 64
15976195338226696722 1 3 64
12439424339623786394 1 3 64
11449452646734238674 1 3 64
6716496334851920310 1 3 128
8778883439695145633 1 3 128
15412152029148309331 1 3 128
11750294115273594507 1 3 128
14150490226748627234 1 3 128
14217172855455019501 1 3 128
10297000445581771592 1 3 128
13068606110679560812 1 3 128
12350935679602697130 1 3 128
15257569096009243427 1 3 128
14050200568703446292 1 4 1
2538465131577691714 1 4 1
4614807822954455683 1 4 1
2734130168010161122 1 4 1
8067279597163384740 1 4 1
9143139232023494461 1 4 1
14660033175042709785 1 4 1
4581089788166709064 1 4 1
13098387447215810171 1 4 1
5771867844285154846 1 4 1
8716983087272642879 1 4 2
11079297441821494758 1 4 2
13955020127282292642 1 4 2
1783399114447275295 1 4 2
16891048210341800747 1 4 2
1388847617214220482 1 4 2
17655675744043345561 1 4 2
736701268952825355 1 4 2
18251925351561264366 1 4 2
16852688331563137995 1 4 2
17237874380598462300 1 4 4
2488970308114837713 1 4 4
1903586775289154335 1 4 4
8599369816676608606 1 4 4
9822812594734308838 1 4 4
14795587384934912089 1 4 4
7819253588464684959 1 4 4
10781961399035915216 1 4 4
16798577000038786073 1 4 4
7898729440393792036 1 4 4
9546753772475658981 1 4 8
9885044316666350172 1 4 8
3589479164783655135 1 4 8
2652570361449334316 1 4 8
11387842995384406088 1 4 8
18126839228727455549 1 4 8
13432121929773600081 1 4 8
605322509852787075 1 4 8
16515659555770005993 1 4 8
16080687322956655754 1 4 8
10955552353786455412 1 4 16
5627257431795725818 1 4 16
3384774618228759966 1 4 16
18313637273976173074 1 4 16
5532865760264624612 1 4 16
17288663323573534422 1 4 16
14165861317352430096 1 4 16
14060586104760625465 1 4 16
3341602346948100189 1 4 16
6630857612348243351 1 4 16
17641256427711907975 1 4 32
7536009029824044312 1 4 32
8003970636429093227 1 4 32
15247590218354864697 1 4 32
2991324366519526539 1 4 32
15784192176720675377 1 4 32
11981030174962065072 1 4 32
18191117051627552943 1 4 32
4381142697807912823 1 4 32
10674899634005271342 1 4 32
13318640153811835516 1 4 64
14656141512143222346 1 4 64
18446564206288568981 1 4 64
16823882085014962157 1 4 64
7163596750162830048 1 4 64
10185728201071104050 1 4 64
12025715558581872154 1 4 64
15757019203026146665 1 4 64
6070912021697664590 1 4 64
14287894319043916775 1 4 64
696274141261749091 1 4 128
4169813838597943857 1 4 128
13582179377073769893 1 4 128
4643034567251907011 1 4 128
5395325853779327193 1 4 128
12532961442874493741 1 4 128
5660942105362323444 1 4 128
7273726039837924138 1 4 128
12489974974410507989 1 4 128
14034411530012192089 1 4 128
13807671152489108924 1 5 1
13241551255013414790 1 5 1
6488162406502231620 1 5 1
8276725621834129418 1 5 1
17637171135295579672 1 5 1
7586150984750696578 1 5 1
18421285839059752134 1 5 1
2026565405504876044 1 5 1
10746104193491080191 1 5 1
6651209123585430904 1 5 1
7651733093822136687 1 5 2
17642832075861766868 1 5 2
7877887353226419624 1 5 2
14875706615995635405 1 5 2
1916851354365983645 1 5 2
7400710857768402277 1 5 2
7472551021940780538 1 5 2
3187155416240458159 1 5 2
13986664590559713577 1 5 2
18293150446885577550 1 5 2
5237011792903963489 1 5 4
2671730947578247418 1 5 4
290385015810504982 1 5 4
4432245887520203560 1 5 4
17537805977806972684 1 5 4
4474289683502722477 1 5 4
13138768620192976754 1 5 4
3639649502704775057 1 5 4
2641425420355382535 1 5 4
13536242744803466443 1 5 4
13189462484713182047 1 5 8
15546812775110401655 1 5 8
9624750845726563370 1 5 8
7386303150764431994 1 5 8
16297507331842574806 1 5 8
16200357863364187871 1 5 8
11401487742704687086 1 5 8
5592440162506734093 1 5 8
559925991911296665 1 5 8
3741641498350580755 1 5 8
1758587672649858958 1 5 16
2369792195678366873 1 5 16
1746790322279977059 1 5 16
210157877530725116 1 5 16
2323955246368456835 1 5 16
6937676098886964563 1 5 16
8137991165333270487 1 5 16
18399486304823638002 1 5 16
2077447992218014650 1 5 16
1649484532949171776 1 5 16
10351717509901008662 1 5 32
16649859302773671474 1 5 32
4957618202697955404 1 5 32
10401495618427747190 1 5 32
6524512813294930002 1 5 32
8290664729789477686 1 5 32
15980965937912128445 1 5 32
5755621464705458493 1 5 32
13917286480390178951 1 5 32
2141257555166334144 1 5 32
10215156596371012735 1 5 64
17030716234061425253 1 5 64
11633554497416399749 1 5 64
14573357354511541476 1 5 64
10248594969594976600 1 5 64
17508620512877423888 1 5 64
15812356989449306267 1 5 64
9693361200133267695 1 5 64
12872091403597266049 1 5 64
16165243436891495819 1 5 64
2814415873543901701 1 5 128
7055624175121877271 1 5 128
735698465327134065 1 5 128
5281143449271768378 1 5 128
17642085350803810789 1 5 128
5565165938866058133 1 5 128
18367107355156015054 1 5 128
17339326778536429493 1 5 128
12758534290953312513 1 5 128
8108491749985512599 1 5 128
10327963092504494739 1 6 1
5683901481116084097 1 6 1
4053320814253870653 1 6 1
17526005458043417332 1 6 1
15629468104444037127 1 6 1
3059238792251800938 1 6 1
15468488793302743350 1 6 1
12461139524952856056 1 6 1
13492677537491150645 1 6 1
17707744648971165285 1 6 1
4774319584225604294 1 6 2
17611591209015654145 1 6 2
12344265407150632759 1 6 2
12618445538441172631 1 6 2
8366146974320651395 1 6 2
12046700288497596329 1 6 2
17895112624176114818 1 6 2
11695194000161355510 1 6 2
5291481325260051668 1 6 2
15181791752242266283 1 6 2
13761115293906120085 1 6 4
8155827829999103846 1 6 4
10066044935310488892 1 6 4
14443630830972934899 1 6 4
2146438511819893817 1 6 4
17483546421724076400 1 6 4
12901755831535882335 1 6 4
2104449841589627985 1 6 4
8264270260723328288 1 6 4
6786194908280422530 1 6 4
1966550147753515488 1 6 8
813785009037667606 1 6 8
16875592568594715850 1 6 8
4640410464967596059 1 6 8
1895863612731355333 1 6 8
14563031448458546079 1 6 8
982834538398783205 1 6 8
18244084951558783139 1 6 8
4120496129172394693 1 6 8
17889787356041776150 1 6 8
3175611690124203573 1 6 16
13985425373438304760 1 6 16
11489882562500914283 1 6 16
6719733880823128455 1 6 16
8824930539338213207 1 6 16
974560191571620836 1 6 16
6453420704306436620 1 6 16
9836168695065641450 1 6 16
9607430062297574171 1 6 16
1972135388572627356 1 6 16
8910051660480563032 1 6 32
14126065859860431518 1 6 32
17068013185589419943 1 6 32
17364540863733447226 1 6 32
14361792917720825520 1 6 32
10419375000178343077 1 6 32
889783996050920354 1 6 32
16252213408267516601 1 6 32
6335721896103894991 1 6 32
2236546864650085730 1 6 32
16389526945151459145 1 6 64
14795462817010639984 1 6 64
5962613579359465591 1 6 64
16930573948698937589 1 6 64
18082499441139996736 1 6 64
11638002042952699657 1 6 64
691725320054712209 1 6 64
896229687518580459 1 6 64
9947313735316895172 1 6 64
12590513177407124941 1 6 64
10819831439380207582 1 6 128
1317831549178320512 1 6 128
2675290160411339928 1 6 128
13562802762553847658 1 6 128
7750467814912680711 1 6 128
11266147699984650938 1 6 128
4622776916784062361 1 6 128
1793340978488346196 1 6 128
190229429366946078 1 6 128
1376768780993316945 1 6 128
12658447364202153766 1 7 1
2161908939410934006 1 7 1
15711808523316209580 1 7 1
2570120445770677925 1 7 1
18245758265782393744 1 7 1
12126235271608410364 1 7 1
6331204916210874062 1 7 1
1925133869439172191 1 7 1
2719218696968700072 1 7 1
10814097114503690748 1 7 1
16110550878473818247 1 7 2
11487172841255276873 1 7 2
10393263100985052354 1 7 2
16039599452576616292 1 7 2
15448379524830980300 1 7 2
4481659821751440829 1 7 2
1155507841155767606 1 7 2
4993357777361212080 1 7 2
5978366688188992874 1 7 2
2467552239059809759 1 7 2
2982923451981186194 1 7 4
182992921857724084 1 7 4
2144258512771824883 1 7 4
11236647360888748195 1 7 4
2002257723136353245 1 7 4
10970430885244722430 1 7 4
5885095500846043837 1 7 4
9530884468029468040 1 7 4
3608441378953896981 1 7 4
3341162505257140247 1 7 4
438349511064228603 1 7 8
16861791865137232080 1 7 8
855635297568133719 1 7 8
17703404757979402470 1 7 8
10527454092631853863 1 7 8
11554063875698550492 1 7 8
15638208391530199303 1 7 8
1088212325254662739 1 7 8
13005539056716077876 1 7 8
9729971612118658330 1 7 8
12953169228934807402 1 7 16
6197366242542160551 1 7 16
15304925106091957248 1 7 16
10724990572186784608 1 7 16
13275688039052122587 1 7 16
14113561389390015553 1 7 16
1307975721919014511 1 7 16
8117803397448948144 1 7 16
9468171134599124200 1 7 16
17436307197256600619 1 7 16
1248738651637116471 1 7 32
2041413472485500696 1 7 32
6731814979043381555 1 7 32
9110187886807490832 1 7 32
8209925746736656147 1 7 32
10349877487424723810 1 7 32
6299992015394354351 1 7 32
10998191780556457170 1 7 32
4750347078372158684 1 7 32
8892791410866053986 1 7 32
16073632530149836193 1 7 64
4896311566500067165 1 7 64
4373874850137757894 1 7 64
8932934243180909669 1 7 64
13354834601724869884 1 7 64
5564969448594609594 1 7 64
17314715877168488410 1 7 64
15503000290748184017 1 7 64
1062504976705820831 1 7 64
10283582910078904445 1 7 64
13866465667495931213 1 7 128
16551073416178313793 1 7 128
11908902259638641832 1 7 128
15022665193743804519 1 7 128
13234827810865996463 1 7 128
7014731536147310793 1 7 128
15091183792342199858 1 7 128
4550934443014157130 1 7 128
104387919942782104 1 7 128
2429132209088829599 1 7 128
4156121393983357150 1 8 1
2821685096865198079 1 8 1
9395810143364089789 1 8 1
17944563207258936847 1 8 1
7616860527321884341 1 8 1
18106545647276020841 1 8 1
13474420520700258749 1 8 1
10849768254869921075 1 8 1
6614437814753873831 1 8 1
11676114725867541499 1 8 1
116228761875750548 1 8 2
16444256870939432679 1 8 2
1195970536686651359 1 8 2
16074340134713672034 1 8 2
12210596274301098287 1 8 2
16419335742525308496 1 8 2
11589155869184438693 1 8 2
6702290860304839805 1 8 2
6830642769106059667 1 8 2
13659630155980857852 1 8 2
6662881561950617122 1 8 4
9114576585912789127 1 8 4
1350551039033141083 1 8 4
15973100294258789802 1 8 4
1515239629921511409 1 8 4
8142465313620486049 1 8 4
5338210734504354694 1 8 4
14638816943682078893 1 8 4
6829017998421625049 1 8 4
8886447999358945612 1 8 4
12401033903360924183 1 8 8
2786396590788384390 1 8 8
6357386814903626010 1 8 8
10234225305744519957 1 8 8
17067377701268454618 1 8 8
14922753089071747335 1 8 8
8000230876986236637 1 8 8
8621604696850866383 1 8 8
12237194436772447272 1 8 8
2974469436508236070 1 8 8
2086078159731422359 1 8 16
12540006783692200964 1 8 16
11861698232520800546 1 8 16
12800382388537597941 1 8 16
3857205839367643926 1 8 16
18382818169631713004 1 8 16
7119618534952410728 1 8 16
12493513374750445662 1 8 16
13565282029797016207 1 8 16
17761827661399702436 1 8 16
4596533773289642267 1 8 32
9499343883106623511 1 8 32
13543925262568050579 1 8 32
2602617956302911638 1 8 32
18217256616473399470 1 8 32
17407179550993001003 1 8 32
12418927675542232410 1 8 32
10343119964594713073 1 8 32
12371372143109044022 1 8 32
15761982443324343662 1 8 32
12282160315081296787 1 8 64
7227857210920967622 1 8 64
12983732528179337269 1 8 64
13984943543400552604 1 8 64
5650721845862726976 1 8 64
2256955972724247843 1 8 64
1649408336225149386 1 8 64
1296709938510008077 1 8 64
13214909416195983723 1 8 64
6162641312117126320 1 8 64
6060854410366411262 1 8 128
18313490780873436305 1 8 128
1744878158096200739 1 8 128
15794431279121112527 1 8 128
2548494201679891021 1 8 128
11710003781705359725 1 8 128
16814342403645583592 1 8 128
4213590652881749342 1 8 128
4003615339992362349 1 8 128
9993984941167775932 1 8 128
1734185343891382360 1 9 1
11033761628320170670 1 9 1
3992946485993366767 1 9 1
1598108563344663095 1 9 1
15647874621151201746 1 9 1
13070590578187499899 1 9 1
9506952563794971768 1 9 1
8777040691154298526 1 9 1
11881278872461072999 1 9 1
13022466829143681386 1 9 1
3308652136756917349 1 9 2
11873563628594819880 1 9 2
15077823394944105892 1 9 2
13490517625627901638 1 9 2
3181516730603293790 1 9 2
9506940209844359599 1 9 2
1368997997507687168 1 9 2
17388440653849497459 1 9 2
5593103427987370750 1 9 2
7613919209022141081 1 9 2
11078852369850593041 1 9 4
12792877881145068200 1 9 4
9485819955021328054 1 9 4
9414553641932152430 1 9 4
18034729548981925577 1 9 4
2354140445641179132 1 9 4
11022399858085895205 1 9 4
3100178185748743354 1 9 4
3115807672197601987 1 9 4
6298842996112960193 1 9 4
14798746668490455875 1 9 8
3831738781745545202 1 9 8
9948163335827971350 1 9 8
7873765524049848986 1 9 8
3798999469613958628 1 9 8
9544309995953124416 1 9 8
13189059577802333708 1 9 8
8503835119288200919 1 9 8
1773927995286749771 1 9 8
2701598737836990544 1 9 8
11716784943188831749 1 9 16
14707986528933563972 1 9 16
5407335426292453344 1 9 16
3229269906348670738 1 9 16
4220809257791365551 1 9 16
7830257922724399499 1 9 16
10060981857916044025 1 9 16
16869652138132879899 1 9 16
15679215340628616824 1 9 16
5788758960373299175 1 9 16
3319171586893705932 1 9 32
16872605461308037903 1 9 32
2615167919353694374 1 9 32
11759549575507024578 1 9 32
16884248545547040302 1 9 32
16701754877963990779 1 9 32
11681229255408718709 1 9 32
17563712136167835246 1 9 32
2536990100621144322 1 9 32
2229645315976523671 1 9 32
3871766019485439609 1 9 64
16491349106935309036 1 9 64
17838702020582529163 1 9 64
13903809276968008739 1 9 64
16703284265927367267 1 9 64
13345787868752215450 1 9 64
2780226564178682683 1 9 64
15101522603500623780 1 9 64
9093620609515985596 1 9 64
5736064568582379985 1 9 64
1977010848888085256 1 9 128
14959795786705288813 1 9 128
14045615021316165114 1 9 128
7195080401074229757 1 9 128
10043462408414786372 1 9 128
6768863710166358865 1 9 128
3645455515797614444 1 9 128
8211145167204299406 1 9 128
844151637345475846 1 9 128
2305944698844596717 1 9 128
2621575060560071683 1 10 1
4134241593789976532 1 10 1
5054546142484234014 1 10 1
615473249351087273 1 10 1
5864254207773582160 1 10 1
7320589927980403863 1 10 1
5322795886640994073 1 10 1
15445529845172947946 1 10 1
2384179528296343585 1 10 1
6392090156137621924 1 10 1
8830148767730883299 1 10 2
1539646099291635174 1 10 2
2143273222955468689 1 10 2
12983548180794041984 1 10 2
14175252965496300765 1 10 2
6852878624919507001 1 10 2
16609403621336542686 1 10 2
4615691164865116329 1 10 2
8077792620226490453 1 10 2
15158731909853692695 1 10 2
17765224568781311496 1 10 4
14732175886218230560 1 10 4
16751808743637985676 1 10 4
17853968426293893740 1 10 4
17086288286463782640 1 10 4
17678257449557240396 1 10 4
8313528180900021978 1 10 4
3181334369963005568 1 10 4
4928379826226960501 1 10 4
17432761611962096413 1 10 4
9769815958334197640 1 10 8
12455296536621646576 1 10 8
8950999137917261541 1 10 8
1962247468237175064 1 10 8
17053222789366097305 1 10 8
949730522985636570 1 10 8
6593178919164450023 1 10 8
3362389912779763949 1 10 8
12694380338685945543 1 10 8
16270736056308294636 1 10 8
8431343239319544827 1 10 16
1178264217667026468 1 10 16
11362986864093215764 1 10 16
7853863431376692817 1 10 16
2888742961715066949 1 10 16
346017522812777195 1 10 16
16048321668958654018 1 10 16
12428722047981037760 1 10 16
12865058760169755089 1 10 16
9904302112117029903 1 10 16
3234432619078863505 1 10 32
16483537167361072253 1 10 32
11943265303939409643 1 10 32
17152023786305785143 1 10 32
2773999591833141532 1 10 32
15885005099707276512 1 10 32
2996455057427513067 1 10 32
18118606995423207680 1 10 32
13787308394392972226 1 10 32
14586562200392494332 1 10 32
6450493550680131164 1 10 64
8030843510217454644 1 10 64
14734885786572059354 1 10 64
15743605334584958724 1 10 64
2314340819946663244 1 10 64
3386934338643823645 1 10 64
8862068119670758771 1 10 64
17700040601147776658 1 10 64
5405275869319521918 1 10 64
16995943067970721325 1 10 64
3034652896973732152 1 10 128
13728048582782393818 1 10 128
968160204983565266 1 10 128
1095389111990088854 1 10 128
17244659824684829765 1 10 128
9817934178355236302 1 10 128
13974117287286922551 1 10 128
7011726147986402587 1 10 128
12238376970090907388 1 10 128
9696098360130982145 1 10 128
12609835078397202285 2 1 1
5097083381506612970 2 1 1
3399083210946494287 2 1 1
3343951963359937069 2 1 1
9280248797753500705 2 1 1
1837309392796264871 2 1 1
7252705132215927440 2 1 1
13506022617198471281 2 1 1
17536565065933206918 2 1 1
13183046792560041241 2 1 1
435892437168828654 2 1 2
15473624202475023100 2 1 2
8826829671245195545 2 1 2
13699297922751392950 2 1 2
17798873948267628089 2 1 2
2212555197010524542 2 1 2
13274660312558417672 2 1 2
4051783675043148646 2 1 2
17604558802659614631 2 1 2
6306747077322472959 2 1 2
9365679438534854396 2 1 4
3062944289835280364 2 1 4
11867673517580871267 2 1 4
4472196449908424126 2 1 4
17306167730913205295 2 1 4
11626692072873051321 2 1 4
6309096215105517613 2 1 4
2597287154566623555 2 1 4
9824822379343066043 2 1 4
5254672255290485638 2 1 4
13025016924756613543 2 1 8
1244041670387546544 2 1 8
11019089747356631388 2 1 8
5054139019406060448 2 1 8
14236546793105303754 2 1 8
9293278444736529573 2 1 8
5933474781531955769 2 1 8
8825205944342284591 2 1 8
14245726199398851948 2 1 8
18262515916457315943 2 1 8
3972446757229570694 2 1 16
11375053810452463882 2 1 16
4736652104836387207 2 1 16
14877777667031501406 2 1 16
7056903351599918411 2 1 16
886192885022687817 2 1 16
13444732220058498049 2 1 16
8468031046916352416 2 1 16
10765911372601109588 2 1 16
9804552006358931044 2 1 16
519962731351950123 2 1 32
2190343340620223034 2 1 32
16259752736303276339 2 1 32
6705824135116442270 2 1 32
9877615382720050305 2 1 32
18121695290125092245 2 1 32
17001382051181218758 2 1 32
16264039659900177386 2 1 32
12105650953015989190 2 1 32
14388007431386992379 2 1 32
12043523614268688017 2 1 64
14627431075596603160 2 1 64
17031276405721065319 2 1 64
3024972432808950718 2 1 64
4123170474192914563 2 1 64
11808453192891993646 2 1 64
14659393120524129566 2 1 64
9039258981288389175 2 1 64
10918732240582256658 2 1 64
13611715311635542463 2 1 64
7744372395002512435 2 1 128
8746660881870988683 2 1 128
3091044631044734366 2 1 128
3034525369034121741 2 1 128
8940529343777273251 2 1 128
5547887789438171463 2 1 128
9951778989200086938 2 1 128
9380994804604745104 2 1 128
3133365972284646161 2 1 128
9590175357752783750 2 1 128
13385501216774947125 2 2 1
8812083832924818473 2 2 1
2430965956964389089 2 2 1
4295887362362957692 2 2 1
8113116391314404014 2 2 1
14388939902087851291 2 2 1
736030264158076436 2 2 1
165744098620799048 2 2 1
15504430136504158043 2 2 1
10387117906251868376 2 2 1
13644034493455221682 2 2 2
3277451537290438165 2 2 2
329140491570651350 2 2 2
9085898171090152080 2 2 2
18264530056453816873 2 2 2
9416379115778779214 2 2 2
942220148214594200 2 2 2
12464409132169217450 2 2 2
17755746581693209967 2 2 2
5320671844469585455 2 2 2
2109822405919926730 2 2 4
6517111089480488046 2 2 4
4789240876032358613 2 2 4
4843285966275891065 2 2 4
16683441089351845687 2 2 4
7960736764815508164 2 2 4
12452511288645968796 2 2 4
3197217508992512025 2 2 4
12713244322813781637 2 2 4
16253649946839530968 2 2 4
4567799316357035467 2 2 8
616654590077990519 2 2 8
11905540779158140173 2 2 8
10942776447638442797 2 2 8
17764294145881604366 2 2 8
15462441605320040601 2 2 8
14074209121168515214 2 2 8
17282107383133722584 2 2 8
5550840607217145050 2 2 8
8143938944659709996 2 2 8
9190309451753611649 2 2 16
12909464902649053867 2 2 16
8572486931301531884 2 2 16
14362509952662222274 2 2 16
7403896406664483948 2 2 16
6208631781900277543 2 2 16
8439578286789636068 2 2 16
6249244941944796342 2 2 16
17850107135710762999 2 2 16
4223436736461589083 2 2 16
12715644221881901633 2 2 32
16939014028443975724 2 2 32
6794535320909133839 2 2 32
16410253741900813927 2 2 32
2737220600486388844 2 2 32
6279997419426066382 2 2 32
16518438886988366105 2 2 32
6768848822707152307 2 2 32
11706665589858644388 2 2 32
17515635278792425410 2 2 32
4069369691250117576 2 2 64
15478493912279284700 2 2 64
3262689102785692398 2 2 64
5568250004213814977 2 2 64
6361270904455521558 2 2 64
3267874592720382149 2 2 64
3182623309030551838 2 2 64
17498970627838484079 2 2 64
5600477929666118717 2 2 64
3023235885639214295 2 2 64
4917449519735932318 2 2 128
16913644057149702179 2 2 128
17609418620147691097 2 2 128
4364100629546955542 2 2 128
9946892658887154467 2 2 128
2453896308638265214 2 2 128
11343362586910557167 2 2 128
15488771591295360845 2 2 128
13108057031355941296 2 2 128
5202398458179676857 2 2 128
7204769761384728096 2 3 1
17805947571975440892 2 3 1
2851674619704073426 2 3 1
10944315420370855983 2 3 1
12682529225032815800 2 3 1
11068261868551841648 2 3 1
10417368097640451448 2 3 1
3522117198889351340 2 3 1
2578049068037423742 2 3 1
7134711945971157169 2 3 1
15589664973185217957 2 3 2
11569060511769838714 2 3 2
3095176396835340128 2 3 2
536555560936395175 2 3 2
8278749198778389971 2 3 2
13802501237329694304 2 3 2
7889277123460654908 2 3 2
600780705143145875 2 3 2
2695761749990804212 2 3 2
10470983210900316678 2 3 2
8913909950280380571 2 3 4
11915308332868450784 2 3 4
6770663809065701806 2 3 4
15341579707888605439 2 3 4
2382645104085374834 2 3 4
5758456359043897504 2 3 4
10949370225015971833 2 3 4
13224929184243615925 2 3 4
1407629606656434113 2 3 4
5430273472317098396 2 3 4
13415997356794726491 2 3 8
979094116734223412 2 3 8
1030812203247657268 2 3 8
1844793108202326883 2 3 8
11981958948281911541 2 3 8
16516817751183228829 2 3 8
17441108717188774166 2 3 8
8985683749165025209 2 3 8
13362759253176472487 2 3 8
228075722398460295 2 3 8
7175204671649551808 2 3 16
14047125060075172766 2 3 16
8277194501195818155 2 3 16
3538890496361143224 2 3 16
4238433850475015270 2 3 16
3013150830350897750 2 3 16
17912954806125763783 2 3 16
1941892009471294929 2 3 16
16265581044896837535 2 3 16
13977386048585158349 2 3 16
13279529545075885426 2 3 32
16066520932961367431 2 3 32
289748068698331996 2 3 32
3571370291686601522 2 3 32
6453519919043007135 2 3 32
280926098415509241 2 3 32
14304532355775148808 2 3 32
12628446387164112563 2 3 32
13142536557162272694 2 3 32
3496561568838929057 2 3 32
13280959317423974696 2 3 64
16084080366128817769 2 3 64
13534060307231098675 2 3 64
7747148288152803448 2 3 64
6240800588770549406 2 3 64
12631063300489863713 2 3 64
13893644265192490014 2 3 64
15722522601293809814 2 3 64
3285157834877489250 2 3 64
18224616003405925090 2 3 64
3218711910942667028 2 3 128
11731448878654925736 2 3 128
10679281965147393383 2 3 128
15382674735226976816 2 3 128
8189165633890910533 2 3 128
15199379093550063713 2 3 128
9424758020807363713 2 3 128
4253159503330568802 2 3 128
12023419285781890552 2 3 128
468731913118636763 2 3 128
551753267212193853 2 4 1
272647656029570471 2 4 1
10264626424452480475 2 4 1
15268867830880144876 2 4 1
12328790742130014198 2 4 1
118470411216429571 2 4 1
8549658247590397559 2 4 1
18080688255312339172 2 4 1
1414559159028567951 2 4 1
4999677489236485582 2 4 1
4120560348657602008 2 4 2
8820433617024007258 2 4 2
4085601330965467293 2 4 2
10601788399926675293 2 4 2
13578120248066516394 2 4 2
1456338692812291996 2 4 2
15405319532169689478 2 4 2
11254745100426930301 2 4 2
6932082311422120190 2 4 2
16682257317157676323 2 4 2
16851353194313162636 2 4 4
8768363511255470183 2 4 4
11702014403558960826 2 4 4
2324144423530230948 2 4 4
11315183852503498511 2 4 4
12015636576370647080 2 4 4
5924970665838013590 2 4 4
10711510461735811016 2 4 4
3360058541542824898 2 4 4
11615799301481346102 2 4 4
8876988795161673096 2 4 8
13226341607948965702 2 4 8
15178794772485296387 2 4 8
8216871156084048485 2 4 8
9189961922890923440 2 4 8
4896216950364300307 2 4 8
14010219826988304151 2 4 8
10617609491454560462 2 4 8
14198005103182867797 2 4 8
16325146569822541336 2 4 8
9978833983563177381 2 4 16
13671300997397434573 2 4 16
5045959280434247981 2 4 16
284059889543209125 2 4 16
7312241608100897908 2 4 16
11705136993460588648 2 4 16
2515971688708091750 2 4 16
2015978785633967538 2 4 16
7651071467172972937 2 4 16
1178667246318750023 2 4 16
2465575800939444191 2 4 32
10505395342928033840 2 4 32
9985019542928694746 2 4 32
7130957853570028186 2 4 32
14862986264376758745 2 4 32
7310509666108061719 2 4 32
1629805762149506784 2 4 32
11385032358295693307 2 4 32
7081215307547273187 2 4 32
13443983551731519519 2 4 32
8780256940032099678 2 4 64
14155427229408193148 2 4 64
16396439100526889302 2 4 64
6472384219634058172 2 4 64
18033320317431449585 2 4 64
13220684063608004047 2 4 64
2311100464655969726 2 4 64
12761965173637593332 2 4 64
6273759542592334345 2 4 64
10015781212964682720 2 4 64
3751931030260327983 2 4 128
16892374133875571962 2 4 128
17948369970387940662 2 4 128
12155079723911374971 2 4 128
15829222507042893192 2 4 128
11614221705919883138 2 4 128
1701660324824989638 2 4 128
6056374533224698242 2 4 128
1771149676684461763 2 4 128
4579482595996890828 2 4 128
5588121006920032138 2 5 1
8077770977457433339 2 5 1
8060298822792420560 2 5 1
7048058656001879549 2 5 1
17946314809528178194 2 5 1
6899819070338720588 2 5 1
5815421996656839699 2 5 1
17983450886605559248 2 5 1
359952882713992106 2 5 1
6464757567912869861 2 5 1
15691410616585881603 2 5 2
4565315085726797114 2 5 2
5386871181158933010 2 5 2
3437403146726499654 2 5 2
8719953990337313366 2 5 2
142121651362776504 2 5 2
2946751135264414715 2 5 2
13056214199453091958 2 5 2
3066531033260271923 2 5 2
179801634777323775 2 5 2
8893503552082695966 2 5 4
13776345519564868172 2 5 4
13579131649340717557 2 5 4
15880114271058808645 2 5 4
3981712417199643059 2 5 4
5375824731851493568 2 5 4
18300078015233037670 2 5 4
7915900839103884141 2 5 4
2338717979016287502 2 5 4
3115449763754617311 2 5 4
5337336860545493139 2 5 8
16444850522391006441 2 5 8
4196620283913147182 2 5 8
6450121993656242557 2 5 8
9728461629687807029 2 5 8
11856402268293673099 2 5 8
9928261032847373342 2 5 8
18314125562078359077 2 5 8
13866573567891827600 2 5 8
17749287250879222108 2 5 8
9345533466149004485 2 5 16
4600206645266047187 2 5 16
15991250208527652439 2 5 16
13622902892318544756 2 5 16
17227260543830440210 2 5 16
8940560079132888467 2 5 16
4956179362292209014 2 5 16
1471541187573587220 2 5 16
14474868846642316266 2 5 16
5236663604869424784 2 5 16
17065027767561119850 2 5 32
17208358106081560506 2 5 32
16554651740849380346 2 5 32
10991963939564752950 2 5 32
14932711689614700492 2 5 32
1290698831172910319 2 5 32
11743235345356929382 2 5 32
2608882840426374606 2 5 32
7984434841213851474 2 5 32
514286353778318072 2 5 32
12622180727840269180 2 5 64
2533824291593020161 2 5 64
12468480434895002065 2 5 64
10952554614703640496 2 5 64
2583211658248611828 2 5 64
17165545076341553028 2 5 64
7289541034466153163 2 5 64
16396714342185346913 2 5 64
3909440688350677963 2 5 64
12405695081287528924 2 5 64
17764186856001677685 2 5 128
194125261744133278 2 5 128
14029848858919911469 2 5 128
14030706671513648811 2 5 128
9334855747054472534 2 5 128
16651129937512971556 2 5 128
18344763560634255019 2 5 128
6470671521417441618 2 5 128
13889596098444191670 2 5 128
8288702682363322618 2 5 128
8542298479003184672 2 6 1
13920339495231903950 2 6 1
8999492174840803398 2 6 1
15870978606822277377 2 6 1
7355341456238026212 2 6 1
9418501714446309150 2 6 1
9102508353787798176 2 6 1
1650142199914390585 2 6 1
17488273666699567436 2 6 1
2395989382087358763 2 6 1
15149966161820682362 2 6 2
8488425678074608133 2 6 2
12286582833156008839 2 6 2
25049053438537595 2 6 2
12809414074535182160 2 6 2
3272223789760557338 2 6 2
16077902820368390905 2 6 2
6992302780940562050 2 6 2
9330057184894316131 2 6 2
18353915740801459827 2 6 2
13748373465847873115 2 6 4
7915131345498314315 2 6 4
4261009387585693417 2 6 4
10718973540054927373 2 6 4
293675835079296106 2 6 4
12000687412144566003 2 6 4
4324540212469464955 2 6 4
14839518280979190428 2 6 4
8369175460836420372 2 6 4
7865092090196879103 2 6 4
3224492593956010765 2 6 8
1912968599998411857 2 6 8
17461235449853902762 2 6 8
3522707133452884577 2 6 8
11248864038657728833 2 6 8
9614049532329920082 2 6 8
13617683718896386871 2 6 8
13950309489075722728 2 6 8
6819741161749861910 2 6 8
12329875097325025144 2 6 8
10838843197822333917 2 6 16
10552976796496221921 2 6 16
9817635259317617921 2 6 16
7829171136770253510 2 6 16
12009413809188871117 2 6 16
17518042816326144529 2 6 16
4675045138885030247 2 6 16
11639189916137049896 2 6 16
17567891791982736949 2 6 16
14477472398152918538 2 6 16
5998062965891463497 2 6 32
12337721682938778592 2 6 32
9507239309275863771 2 6 32
2481160720699483142 2 6 32
7848624735923404636 2 6 32
15492674844327551263 2 6 32
17308344240438702708 2 6 32
16770903434872916525 2 6 32
17080693662880131255 2 6 32
6850350389324030813 2 6 32
1219015469037236196 2 6 64
8049473809681683362 2 6 64
11840698924953292632 2 6 64
9181500956504012474 2 6 64
791150279814553467 2 6 64
17017171938627578702 2 6 64
10412900084753934583 2 6 64
16233188921067603178 2 6 64
13598699320091568613 2 6 64
12869311546763924429 2 6 64
5882494104115539230 2 6 128
17500075078441789717 2 6 128
5457566468283812882 2 6 128
2904071363555814579 2 6 128
10206627715716216166 2 6 128
9414606393208601441 2 6 128
4125115921173260607 2 6 128
362449175898967879 2 6 128
13312907092507473445 2 6 128
5727705158587432260 2 6 128
7743371698981331656 2 7 1
13238707765186199206 2 7 1
17371331007951026464 2 7 1
4535251220103724542 2 7 1
17619727753374307409 2 7 1
6327623852398563894 2 7 1
1751003276366426652 2 7 1
13705805880724965987 2 7 1
11249309278034738916 2 7 1
1251087995537206057 2 7 1
17848318949440342768 2 7 2
18249895003466950518 2 7 2
13624603372804621596 2 7 2
5378611799518249406 2 7 2
12587092918750683031 2 7 2
1810295269970618221 2 7 2
1273983410212823297 2 7 2
2213232437677292378 2 7 2
8815905442017584579 2 7 2
11649778404599243647 2 7 2
6005645603351882247 2 7 4
2501105131055439312 2 7 4
5031079711950618596 2 7 4
11910695397557755476 2 7 4
6223329977659922005 2 7 4
11371515293825379008 2 7 4
5757322684766493071 2 7 4
16535647912660647322 2 7 4
11506749961558358032 2 7 4
11813297309899269451 2 7 4
3080487068990257885 2 7 8
2779923036742655457 2 7 8
1335903006763535855 2 7 8
5469953971283024840 2 7 8
17900480454394112247 2 7 8
991682282648525087 2 7 8
14520791547615379752 2 7 8
625401038794933139 2 7 8
11351071292154851449 2 7 8
3898768427860356912 2 7 8
18298746843898013341 2 7 16
16301804673612205128 2 7 16
2331742362404370051 2 7 16
12434437304240217280 2 7 16
1236622782472388555 2 7 16
15161569453908163321 2 7 16
10864747934105920278 2 7 16
14461604925213059597 2 7 16
2454762578608009866 2 7 16
1876167767383670053 2 7 16
5507999664850277111 2 7 32
7109655665288262442 2 7 32
17362473331994092289 2 7 32
16974019572378143640 2 7 32
3516326575414861006 2 7 32
9456606580507679619 2 7 32
12494288659487621191 2 7 32
7818039104470175938 2 7 32
7269275038414847065 2 7 32
14220820909114087000 2 7 32
16007987922292256344 2 7 64
8312179621836503341 2 7 64
16580385864283867252 2 7 64
15373097175944742405 2 7 64
12059339635267023591 2 7 64
14594153594441355579 2 7 64
17671124320619510926 2 7 64
6851601132674016381 2 7 64
13367558487144297934 2 7 64
16682200912809219104 2 7 64
2828841582838159059 2 7 128
5325772094047412967 2 7 128
8387766354520320480 2 7 128
8770767121310335550 2 7 128
12296841632550734482 2 7 128
308558108408272268 2 7 128
8196539750806008117 2 7 128
10906626144192444097 2 7 128
9886056070220535322 2 7 128
13808054316020667736 2 7 128
5253985516136850558 2 8 1
3430019511031298141 2 8 1
13012303393403793901 2 8 1
16859147188793265705 2 8 1
201659971827370905 2 8 1
17098228646937368824 2 8 1
7525479425812267162 2 8 1
6252700527403490053 2 8 1
14034607122027562674 2 8 1
15814662378937032881 2 8 1
16820975172290746059 2 8 2
10637333336035854858 2 8 2
14253956392208795747 2 8 2
12602298642595107102 2 8 2
10911549770228767849 2 8 2
3041464999943411989 2 8 2
1304367820351583710 2 8 2
12512886604802873919 2 8 2
2676871249445216427 2 8 2
16238814289125266669 2 8 2
10069362161664860664 2 8 4
7587789507595186093 2 8 4
5676460559136853163 2 8 4
18383994111248756923 2 8 4
8842562825644412551 2 8 4
16849838094392989628 2 8 4
7695994281297982929 2 8 4
1554284815977050162 2 8 4
5961133769809860436 2 8 4
382475826254020102 2 8 4
4840560859098453571 2 8 8
9609786426042721437 2 8 8
4788638093198591955 2 8 8
9960264280957828701 2 8 8
4290061237024924044 2 8 8
2987924857320364040 2 8 8
18415585158098493918 2 8 8
2760018558883464921 2 8 8
5395659983917352257 2 8 8
5811244843145756339 2 8 8
10910398194679806096 2 8 16
12059724588498385690 2 8 16
12880711359181218378 2 8 16
13790938262523002934 2 8 16
361931018951955708 2 8 16
1335179487763117006 2 8 16
8155906088286543686 2 8 16
17958542896690726308 2 8 16
18176252037531142891 2 8 16
12785550289104104153 2 8 16
3124846549968511631 2 8 32
8385120098233221637 2 8 32
14410532669192834338 2 8 32
9336523758185372014 2 8 32
1741503438730186796 2 8 32
18417477539556384706 2 8 32
9492689851764832151 2 8 32
15213958330625035746 2 8 32
4692289429099718450 2 8 32
3082015053191064439 2 8 32
3857238091911179234 2 8 64
10684342769637641042 2 8 64
10369692634240932778 2 8 64
14711689827122916757 2 8 64
9255219475441036341 2 8 64
2393877665331432799 2 8 64
8850279020713697064 2 8 64
11944184952454025380 2 8 64
11538736515259271782 2 8 64
325961418971840663 2 8 64
10746268775225514088 2 8 128
2685890420907693378 2 8 128
700451892657976354 2 8 128
14365325521227190262 2 8 128
15687100187895816326 2 8 128
16583701369067845774 2 8 128
8432562740773096933 2 8 128
3523608589122580074 2 8 128
13486006289234858280 2 8 128
8941937299394865793 2 8 128
3775853088635163438 2 9 1
1639213568212453499 2 9 1
9656666485104344078 2 9 1
4709971780052330724 2 9 1
8061328398210480366 2 9 1
16294029085344925629 2 9 1
12339666756733885401 2 9 1
15468918206565432058 2 9 1
14423294790644518869 2 9 1
3090780742271241639 2 9 1
10795712411144464721 2 9 2
9839503829414922562 2 9 2
11487683792673061284 2 9 2
4581459185208955301 2 9 2
1832279574352728148 2 9 2
1495038805325389473 2 9 2
227949073057634209 2 9 2
1183824698211432609 2 9 2
5440436256240210797 2 9 2
471435703803850503 2 9 2
1182835899227608755 2 9 4
16167727356800374346 2 9 4
1230182747960321488 2 9 4
10766320183864706925 2 9 4
1489486324851342609 2 9 4
1778038257587583422 2 9 4
14440138111148862345 2 9 4
13885443000557118741 2 9 4
12909905700480522779 2 9 4
10452061272856202242 2 9 4
17243600043643707518 2 9 8
10388326220126553878 2 9 8
15733485267980880569 2 9 8
14666939289694491298 2 9 8
11378634092454883554 2 9 8
4002720457821697833 2 9 8
15285983089144508086 2 9 8
1522942284449497304 2 9 8
746986085048018119 2 9 8
9508453872082226967 2 9 8
4576338730240212061 2 9 16
14506596188165939097 2 9 16
16584506307233886805 2 9 16
13216227841430456304 2 9 16
509421493742780353 2 9 16
11167037917114006432 2 9 16
1328522872838516545 2 9 16
6820970357211249442 2 9 16
12786478643288788938 2 9 16
2677854078541911580 2 9 16
4917016745127767593 2 9 32
1808397249005531772 2 9 32
13812197321456622765 2 9 32
14940152255867017519 2 9 32
4230484929254281197 2 9 32
16218787396502609202 2 9 32
17910948328121608747 2 9 32
2002855411399945205 2 9 32
4378954259023583727 2 9 32
18005301115449589376 2 9 32
15995406758545048944 2 9 64
17968024742254918470 2 9 64
10324705629705227402 2 9 64
12776752479663617801 2 9 64
13239530304737910458 2 9 64
1744676237599835579 2 9 64
920383045495248352 2 9 64
12516304099130790830 2 9 64
5087431474273736856 2 9 64
4795461539911827558 2 9 64
1025329572843133846 2 9 128
9731736678939527196 2 9 128
15885662687371819737 2 9 128
17934191043703783598 2 9 128
14133973245680629423 2 9 128
516268684517365626 2 9 128
8950833687123854282 2 9 128
1503347588471155786 2 9 128
17030700149779260831 2 9 128
12733375451531420372 2 9 128
13662500116787518278 2 10 1
13035154822968454671 2 10 1
6679200480153138856 2 10 1
3386053338764474819 2 10 1
11035617453129483361 2 10 1
3915394258916793141 2 10 1
7851195099200334391 2 10 1
10519078150239377077 2 10 1
17277823176653494442 2 10 1
16075090595356267339 2 10 1
11551689840653802772 2 10 2
14264358985843641950 2 10 2
3683865019333247743 2 10 2
7249721140515279773 2 10 2
4025741899547028878 2 10 2
4658797505981358257 2 10 2
14301933999809859962 2 10 2
6233588178604736325 2 10 2
6274222684245506932 2 10 2
13329737979136935911 2 10 2
1469074365585710162 2 10 4
7551886853039574793 2 10 4
6667053473814238386 2 10 4
17704445075622901806 2 10 4
3588313555150768476 2 10 4
12271303184895453356 2 10 4
9964420295202985703 2 10 4
17351622885792401181 2 10 4
13256839752780524366 2 10 4
123070716744420623 2 10 4
1503721625992905738 2 10 8
4894420345877402858 2 10 8
10942396153057601116 2 10 8
14003934587373058266 2 10 8
13939085317364993373 2 10 8
10088241900360034371 2 10 8
8635030485928137685 2 10 8
833731761543867722 2 10 8
15984976508547617048 2 10 8
6172089125085184030 2 10 8
12141715818427540610 2 10 16
9276361237038693726 2 10 16
11755350346257005631 2 10 16
12540047733103469017 2 10 16
10470713639029495110 2 10 16
3537388978644416922 2 10 16
11846066586571337355 2 10 16
8758632561574255872 2 10 16
9855434605856147872 2 10 16
4483929791134885760 2 10 16
11067456059131669709 2 10 32
14309763045063382626 2 10 32
12585346057800099987 2 10 32
854753199331274039 2 10 32
4081686798179281033 2 10 32
6784269966282104205 2 10 32
10527804786748702516 2 10 32
35005818701142107 2 10 32
2133938633574128284 2 10 32
13906901933571019279 2 10 32
12385978596966621647 2 10 64
11155368040243501292 2 10 64
9902678724809185870 2 10 64
14145178421796977057 2 10 64
17371675483285370778 2 10 64
8363810737628747016 2 10 64
5910913998033058094 2 10 64
2822915991260729867 2 10 64
6366008733040970630 2 10 64
8420160419308053854 2 10 64
3252890083944910406 2 10 128
1070305021212222936 2 10 128
6273384820841977100 2 10 128
2168032591899617940 2 10 128
7553669901852666495 2 10 128
13855858416196371108 2 10 128
13456236024828869349 2 10 128
2148203185939474203 2 10 128
13489435164079189846 2 10 128
16533459829175005629 2 10 128
4155651519885371613 3 1 1
7187566303361271792 3 1 1
6686209080057931026 3 1 1
10887442795328532774 3 1 1
11300024210969642773 3 1 1
17750070723664727779 3 1 1
10285135455154753255 3 1 1
2667993771514980638 3 1 1
6511178890202239500 3 1 1
366249214492406936 3 1 1
14539816864496494313 3 1 2
9518188559701460879 3 1 2
15751166434844709156 3 1 2
4637793640309562603 3 1 2
8298058467766439278 3 1 2
7743079664535195445 3 1 2
17154750163496439401 3 1 2
271079043899844019 3 1 2
10686216903639172191 3 1 2
15950630255836874920 3 1 2
12704601214544698843 3 1 4
13320982388078555145 3 1 4
13145817721408783274 3 1 4
9777574670816265581 3 1 4
14968627715935353023 3 1 4
6745331340898607152 3 1 4
14263877292219078856 3 1 4
13965839205322133986 3 1 4
15665028078238511408 3 1 4
13445669275774825010 3 1 4
2966414448929030720 3 1 8
11840967432862421186 3 1 8
15004429025542031327 3 1 8
15340912330312281067 3 1 8
6616053435605124560 3 1 8
14713170446243504187 3 1 8
10987391191302845691 3 1 8
1642899181097832825 3 1 8
14166531652135123496 3 1 8
62390085479248124 3 1 8
15351030273915317816 3 1 16
4177881026510993460 3 1 16
326154039248762207 3 1 16
6036885001869508633 3 1 16
2495846990360638143 3 1 16
10178581568673934112 3 1 16
3864854844896103545 3 1 16
18112398912517240357 3 1 16
1970034439932152994 3 1 16
1216794266320710858 3 1 16
4530932694795709025 3 1 32
16961401802463721686 3 1 32
13587459815327853178 3 1 32
15490293486319648442 3 1 32
13001419244188965503 3 1 32
6565854753575285193 3 1 32
12537395524854189836 3 1 32
400781662316088970 3 1 32
3075949794071617128 3 1 32
2558460520533963738 3 1 32
12438174318431397856 3 1 64
12246745122646464501 3 1 64
8091166988571378370 3 1 64
11666774531835324500 3 1 64
14118202632674814298 3 1 64
8957240834581967850 3 1 64
4396941137727592488 3 1 64
12824060034375244456 3 1 64
16528380069508267356 3 1 64
11850312794607812880 3 1 64
14983456885270759083 3 1 128
3858129674266864236 3 1 128
3715873958892507445 3 1 128
3991782681551624238 3 1 128
17699509367291420520 3 1 128
8102331385065317412 3 1 128
16280547652465855348 3 1 128
8832478453904732864 3 1 128
8900904860238560215 3 1 128
13483603770056580698 3 1 128
12441906435401380825 3 2 1
12291575982271437884 3 2 1
7632658002557073401 3 2 1
2188183517261933895 3 2 1
6027409751396581820 3 2 1
1398024292051799631 3 2 1
17988572444205172639 3 2 1
10904966527879839170 3 2 1
18302657710178897205 3 2 1
6165957529706824203 3 2 1
6133153274434109235 3 2 2
13661771153860379286 3 2 2
2953639445717603691 3 2 2
6023443099244651104 3 2 2
7617899533209708888 3 2 2
4541607022550595935 3 2 2
1122140509899626218 3 2 2
13597587176945750499 3 2 2
4872223340923109679 3 2 2
10564785112473393656 3 2 2
10015372923730972715 3 2 4
9764915830205841501 3 2 4
6749760324627852719 3 2 4
4590419369389798961 3 2 4
9743387561100848971 3 2 4
12867081998329909779 3 2 4
9489855918014973900 3 2 4
171143164178618708 3 2 4
8656126270363182473 3 2 4
6186230069880880040 3 2 4
1776914931800995332 3 2 8
14656904500875124350 3 2 8
10727098951448028747 3 2 8
1627121230979456106 3 2 8
15504522175465952841 3 2 8
16403931822476884015 3 2 8
10263212721008115285 3 2 8
14050984338739085739 3 2 8
14300407563678250685 3 2 8
10392658392759768059 3 2 8
6509987830195363729 3 2 16
13420677386206956575 3 2 16
16062609002082982317 3 2 16
9950448115415395637 3 2 16
12480896806300104575 3 2 16
4623296269989063898 3 2 16
8195284119261563733 3 2 16
373901887966427538 3 2 16
3686782251451690469 3 2 16
10604780759903484923 3 2 16
13076444976092803783 3 2 32
6406613874009750740 3 2 32
7231874376889502152 3 2 32
10340732574174170609 3 2 32
7225596210722540768 3 2 32
6719326933916871838 3 2 32
10810596487298495218 3 2 32
4028343307033493310 3 2 32
12551544280093748610 3 2 32
14240924987219162116 3 2 32
4910834730033988124 3 2 64
9656077946334927893 3 2 64
14823577984596689076 3 2 64
229521951079175314 3 2 64
9550309276980114370 3 2 64
11317813258942462504 3 2 64
9996084470319910870 3 2 64
18206565077800243452 3 2 64
8637762566512235185 3 2 64
9961598895023252609 3 2 64
14887736166554968935 3 2 128
11773535000478427403 3 2 128
8211495632387944830 3 2 128
8284338481255981874 3 2 128
6772880250757631560 3 2 128
4428986097325524083 3 2 128
6531447763243485656 3 2 128
12833534144421480816 3 2 128
14128122388810906141 3 2 128
1559066971222921772 3 2 128
3060812194218948186 3 3 1
1715751679049418609 3 3 1
1664979666701692487 3 3 1
8235387230504172475 3 3 1
9387039709145584674 3 3 1
15207896193234867908 3 3 1
3585657243843035775 3 3 1
12362544348976312146 3 3 1
8078076134740270117 3 3 1
13019229306134860546 3 3 1
16327148011267990971 3 3 2
4468267163298248762 3 3 2
3411426432665632512 3 3 2
16324406658001228265 3 3 2
7592958345902106543 3 3 2
1072803736992090862 3 3 2
4898887226226616414 3 3 2
18363174817331453877 3 3 2
16279681318254727452 3 3 2
17591334431208637679 3 3 2
6699238470316919855 3 3 4
11732044716699041568 3 3 4
4512898974215962614 3 3 4
254847979955402682 3 3 4
6330387879028953327 3 3 4
4460880838642830270 3 3 4
12261529688008705153 3 3 4
3443718504110976992 3 3 4
9345463856563627849 3 3 4
11271630035934446431 3 3 4
3324980241977305556 3 3 8
6583932013781657177 3 3 8
4544094548002032892 3 3 8
13414088509240671118 3 3 8
5259626470198652880 3 3 8
15764360289344013691 3 3 8
10938311973738734701 3 3 8
12135745381933482378 3 3 8
8163462881482938612 3 3 8
3004222123752231736 3 3 8
5162875527732487992 3 3 16
18384584791918449936 3 3 16
3776472656527856382 3 3 16
10607443121819140284 3 3 16
13108635161528390818 3 3 16
988890019002437644 3 3 16
11189231374753876919 3 3 16
11276531125659389743 3 3 16
8512206365676972774 3 3 16
8667631442750550124 3 3 16
2084402449703623635 3 3 32
18225019564210332026 3 3 32
12889749904849808712 3 3 32
6933086914777785290 3 3 32
2276519158439429570 3 3 32
1193747616787891414 3 3 32
10248290783066741415 3 3 32
4353276725221472687 3 3 32
6877943565154820367 3 3 32
5107585644926953751 3 3 32
7683600469235004624 3 3 64
14196551158703534428 3 3 64
9711093987595909158 3 3 64
11219942815036291149 3 3 64
12935399465037564028 3 3 64
6205645326561533872 3 3 64
10540100247015900468 3 3 64
1710539388585243718 3 3 64
7764698430057159328 3 3 64
14745187457415051682 3 3 64
954848046343516403 3 3 128
16078099213872701396 3 3 128
11420157614195590592 3 3 128
4190993275116597942 3 3 128
770776244797874294 3 3 128
9312957615647660204 3 3 128
6408572397500969324 3 3 128
5033957780998417253 3 3 128
5299657666373517513 3 3 128
15418120602632001516 3 3 128
8042262809013133407 3 4 1
3591128003809836541 3 4 1
11553245932024998742 3 4 1
6164670968589143450 3 4 1
16002543611329807809 3 4 1
6304896119044733444 3 4 1
14886690978853507076 3 4 1
11045526041875869308 3 4 1
3987557241597546132 3 4 1
14124372218999011824 3 4 1
436792119995189607 3 4 2
16500596105504141623 3 4 2
18375587860207656388 3 4 2
4889216396150738290 3 4 2
2618791965689663569 3 4 2
14091493414273780876 3 4 2
7816795535654112413 3 4 2
6732461013253508946 3 4 2
17873796198178468259 3 4 2
15773210796043253945 3 4 2
7812531128958121360 3 4 4
17421931866624156525 3 4 4
13153541961163859011 3 4 4
13905692028713387491 3 4 4
407074297996055540 3 4 4
2383795789592582415 3 4 4
441022647261474218 3 4 4
2542761365212125433 3 4 4
14116907713213334357 3 4 4
18005049592665582303 3 4 4
9245827416911843325 3 4 8
15770649608402475682 3 4 8
12261094183199474053 3 4 8
8167925817912142590 3 4 8
15086781116316054708 3 4 8
16820404415255443748 3 4 8
17805139075617776523 3 4 8
16537060426710201261 3 4 8
399745993575817319 3 4 8
6613499637491491379 3 4 8
4780221689195866849 3 4 16
13039178059380377069 3 4 16
3542891272412119229 3 4 16
17310533882625171522 3 4 16
6289201272219998677 3 4 16
6331501744123843883 3 4 16
9734332491219092896 3 4 16
14991346706326421094 3 4 16
9366446626675520133 3 4 16
10496516200937089987 3 4 16
12259657887198574339 3 4 32
10205188810146609426 3 4 32
10194499721650021300 3 4 32
5074841278487479040 3 4 32
16064658066650931224 3 4 32
1845309247195270785 3 4 32
2655398116610970300 3 4 32
2379611774106313716 3 4 32
5349949487013364997 3 4 32
452606844306616409 3 4 32
8591214732481811162 3 4 64
5478112704810333233 3 4 64
1357187445819616597 3 4 64
12346050115423410741 3 4 64
6423437131214449115 3 4 64
13389402356073746126 3 4 64
12236143176830920705 3 4 64
13659624423205400533 3 4 64
10181867495402535797 3 4 64
7613825118615107202 3 4 64
6738561167550835579 3 4 128
6667489057917842753 3 4 128
3457114848465346112 3 4 128
2995303034380048694 3 4 128
17725913708256508190 3 4 128
15688036583306676762 3 4 128
16021666465525761478 3 4 128
9187950012018188413 3 4 128
9379369276385309555 3 4 128
15425588572180365253 3 4 128
1054781328440468303 3 5 1
4557110966925430521 3 5 1
3568421260133199766 3 5 1
1950018564726867355 3 5 1
15247531189446550565 3 5 1
7923368586565578539 3 5 1
2586131653742695832 3 5 1
13426978808698647228 3 5 1
10857492807050744487 3 5 1
13896054586766945043 3 5 1
486299238676726430 3 5 2
14514955210022614210 3 5 2
10257127090154132045 3 5 2
5597012086915139767 3 5 2
210158558624195578 3 5 2
14274971802594713246 3 5 2
14128889659708420421 3 5 2
4128574328126687961 3 5 2
8313650970026297169 3 5 2
3363427922041654322 3 5 2
7354890912945054030 3 5 4
12430306382908434071 3 5 4
11238003966422687202 3 5 4
17036434340169787855 3 5 4
13269654096904508551 3 5 4
677197354543796097 3 5 4
8399964139919953091 3 5 4
4560879065419401955 3 5 4
11478807485412754162 3 5 4
2976997760664567145 3 5 4
16828478048499266661 3 5 8
1975433736973623120 3 5 8
7367448708558593781 3 5 8
14336530838621103613 3 5 8
6250944117198761952 3 5 8
2667273773309338616 3 5 8
2434721490815522130 3 5 8
17558417230700431314 3 5 8
15996592504701284582 3 5 8
923799928398514711 3 5 8
4381788949138060055 3 5 16
7821848316492632671 3 5 16
15884437330525674374 3 5 16
9263574364892911589 3 5 16
15027822224866954094 3 5 16
11675568454548664108 3 5 16
12027279845313804806 3 5 16
13235982834951772501 3 5 16
4239947540579538746 3 5 16
7393587800310942423 3 5 16
13403182407459483618 3 5 32
15024875478169293310 3 5 32
7047148257820603850 3 5 32
6534341400403586706 3 5 32
11090474980280592053 3 5 32
16462574139807371866 3 5 32
16475751486744955218 3 5 32
9064120829773989276 3 5 32
7280639394725204134 3 5 32
16273416379168263265 3 5 32
17522954507694845645 3 5 64
4967307225313825207 3 5 64
14615646268160610672 3 5 64
10003109856357101451 3 5 64
14085567426068028597 3 5 64
1817920640350024767 3 5 64
13224736491295916697 3 5 64
802443410476524333 3 5 64
1518616805264551365 3 5 64
4099899897799764175 3 5 64
17345010191278508290 3 5 128
12790886202042535902 3 5 128
1868226450220238479 3 5 128
14369775037798910453 3 5 128
2992536601484946234 3 5 128
9012256882031187570 3 5 128
18310016676764147247 3 5 128
9228322424418691650 3 5 128
16688386758468266678 3 5 128
287810169229167615 3 5 128
5871711151745055587 3 6 1
15052681901148974246 3 6 1
16225973235245433329 3 6 1
10747900215307964230 3 6 1
1315833488886571325 3 6 1
5918377314985202079 3 6 1
10860095228993847395 3 6 1
12469344658417402099 3 6 1
14117915688627307334 3 6 1
5586070818723411480 3 6 1
205825809570424814 3 6 2
18405273589042905313 3 6 2
9993502811293065310 3 6 2
5853282879811904423 3 6 2
17156717768866044474 3 6 2
17452680179171494470 3 6 2
13729107151501315444 3 6 2
228134015528489204 3 6 2
9646868283905209955 3 6 2
3090429195182807010 3 6 2
5597760150702514023 3 6 4
2821935169348584410 3 6 4
5018892050443087984 3 6 4
9775438382982946140 3 6 4
14428182272578029668 3 6 4
5884748767970788376 3 6 4
3128292483206274707 3 6 4
7755565530877650442 3 6 4
13556641791094220746 3 6 4
6690698234417577034 3 6 4
13575004199022694254 3 6 8
14650999133384142904 3 6 8
1175410885010945516 3 6 8
12787796002070394505 3 6 8
2553074304676412253 3 6 8
8106609753038539641 3 6 8
12000422247731149355 3 6 8
3280217680876116273 3 6 8
8081430567598672841 3 6 8
13489238446021849044 3 6 8
11347068514854673878 3 6 16
16214789773058199463 3 6 16
4457816315913702919 3 6 16
10695344761098410677 3 6 16
12577242950056132336 3 6 16
3395538349307900499 3 6 16
14673582066425975183 3 6 16
14330184097314099753 3 6 16
17212181116397986861 3 6 16
9495691625728404617 3 6 16
17903753873632051355 3 6 32
2460529088313456719 3 6 32
9275383800453500528 3 6 32
13989719845260963804 3 6 32
15485839789440559614 3 6 32
3582342618379807352 3 6 32
11727430578470229313 3 6 32
7902539366977088999 3 6 32
6568902031014692117 3 6 32
9084858382746195252 3 6 32
4857969070596373321 3 6 64
14809760228574345863 3 6 64
15299813841149940814 3 6 64
17502981158171935895 3 6 64
3483616499648141739 3 6 64
223287469557433022 3 6 64
14161778635148131283 3 6 64
17025961097299031431 3 6 64
2853816117939455580 3 6 64
756195750853077315 3 6 64
1921028211660356970 3 6 128
10420084559911322274 3 6 128
1466103415409937090 3 6 128
17863225990155137000 3 6 128
1275821770717396300 3 6 128
308746278384813361 3 6 128
8430340166258231523 3 6 128
14705468231295485601 3 6 128
1476242067135133526 3 6 128
12806993315711135279 3 6 128
944190159977551054 3 7 1
16768382645675314000 3 7 1
18027585205452870444 3 7 1
11567472858997563680 3 7 1
954087447002779096 3 7 1
13992280596333489511 3 7 1
18138019424611065555 3 7 1
6464731383336812395 3 7 1
16477191129531694427 3 7 1
6543604698102151739 3 7 1
6314881398968547189 3 7 2
3261122952124754218 3 7 2
6749703683770437562 3 7 2
7010416006513306288 3 7 2
12329523801217137021 3 7 2
13000100081220558438 3 7 2
2799403508680284953 3 7 2
16499210070417661730 3 7 2
16644756071997961213 3 7 2
13026098240597457396 3 7 2
8420521963653919627 3 7 4
8007821265197446041 3 7 4
6183374989679991230 3 7 4
7229828537114337334 3 7 4
597650604560811730 3 7 4
708721562863079028 3 7 4
14578055819331002608 3 7 4
13735973529128594611 3 7 4
13343780216066080867 3 7 4
4395549466917534063 3 7 4
10800062698214880956 3 7 8
1595413249025394157 3 7 8
11398225650241113895 3 7 8
18084194401799661395 3 7 8
386123434440605074 3 7 8
2926496748632239399 3 7 8
3273279885445760783 3 7 8
2250286778438806672 3 7 8
14525121611142624748 3 7 8
1802170439160057149 3 7 8
2086172764662296530 3 7 16
9820250757561705742 3 7 16
4353371125631761138 3 7 16
5543916640696605119 3 7 16
12932138503482535618 3 7 16
5148822692077221357 3 7 16
5501660047112701019 3 7 16
4524015046133604847 3 7 16
10939522479831609072 3 7 16
15383345378680909356 3 7 16
1191402957657442762 3 7 32
13116602811996188503 3 7 32
16605887587709633351 3 7 32
7871341926395659055 3 7 32
16568693684511397465 3 7 32
10268945720020422393 3 7 32
11221886764775056427 3 7 32
16468316008907086050 3 7 32
998157663564628795 3 7 32
9505086450279222162 3 7 32
5897367217727055675 3 7 64
10403191819960753314 3 7 64
15185285124066413573 3 7 64
3039906300279183318 3 7 64
16700580568400418424 3 7 64
7979476747798724019 3 7 64
16497088824641945792 3 7 64
11485403953270093049 3 7 64
14543527465261503577 3 7 64
237582727538895276 3 7 64
2033588467987070764 3 7 128
17925278239865985795 3 7 128
14433288331910292025 3 7 128
10480996558707857880 3 7 128
3638485684975179925 3 7 128
15458572759174235235 3 7 128
11001068567752728294 3 7 128
10750475211474335521 3 7 128
9036481436571004155 3 7 128
12670553087737040211 3 7 128
11893450442236920990 3 8 1
3477392789824714206 3 8 1
11434214175621380236 3 8 1
6946501202050751127 3 8 1
4766567817297517783 3 8 1
11373082921662863365 3 8 1
10195345120180472085 3 8 1
409522559309541415 3 8 1
14636595517905423490 3 8 1
4602568992046766593 3 8 1
2642021865632887063 3 8 2
12583332999767508813 3 8 2
9612149701469112059 3 8 2
6352202489286102669 3 8 2
7094191534218383663 3 8 2
122764100544462585 3 8 2
6228046257237307909 3 8 2
12299174028735846026 3 8 2
832943125271227658 3 8 2
4954056421470571066 3 8 2
3306216101634423128 3 8 4
17964047444008919627 3 8 4
9604258307081407008 3 8 4
18395885056532234036 3 8 4
12618128363073464172 3 8 4
11720048034040252293 3 8 4
11430877282265965201 3 8 4
5983752249975582387 3 8 4
9986987215579115723 3 8 4
16820647671556811261 3 8 4
3413486716834303195 3 8 8
7898062567718222622 3 8 8
7828531237697489660 3 8 8
16751423967900265373 3 8 8
3327338377454365614 3 8 8
1253095838332911726 3 8 8
1186142064166164902 3 8 8
4398637296754245253 3 8 8
17648061499603779589 3 8 8
3477501142920245899 3 8 8
16086914707224873452 3 8 16
15984906253363733579 3 8 16
15827440278875338732 3 8 16
10753047850514026830 3 8 16
12093882806983412852 3 8 16
5674909480915246385 3 8 16
14933212414808528246 3 8 16
12783004139902491045 3 8 16
1966633103609518463 3 8 16
5060816440507547773 3 8 16
2877855406137771134 3 8 32
1377660639138435405 3 8 32
13035579624031364596 3 8 32
6698967224052552200 3 8 32
6158891930279081052 3 8 32
8203496096933467824 3 8 32
3626122647653193612 3 8 32
14018585609660647473 3 8 32
13887246291885043140 3 8 32
8157081484659120682 3 8 32
13677789647149331930 3 8 64
4656687542099556036 3 8 64
13279932205593106818 3 8 64
8909005569984602828 3 8 64
7660894039517268796 3 8 64
14965103847555230815 3 8 64
16714689251640541615 3 8 64
6970143283952045113 3 8 64
5708138255726863573 3 8 64
15376252150827976563 3 8 64
11098100402153831196 3 8 128
8679112887475657119 3 8 128
11634322083663464986 3 8 128
15144725374065293894 3 8 128
15165717961429574255 3 8 128
4922764941370237494 3 8 128
18184575339880153690 3 8 128
5811690862525922715 3 8 128
13693332772282709648 3 8 128
10141287875903189950 3 8 128
5914246579202991866 3 9 1
969405311229236232 3 9 1
11749085500349297557 3 9 1
228558816188687278 3 9 1
8967988276309914898 3 9 1
8580728282454259277 3 9 1
12675868756583959578 3 9 1
7020410307797633286 3 9 1
12412859715147473004 3 9 1
18308928125251594788 3 9 1
1977176849823951724 3 9 2
14935255057747171023 3 9 2
10767326504590933922 3 9 2
7505708081426469083 3 9 2
10423056614853754094 3 9 2
9041781526495072356 3 9 2
594191938897294841 3 9 2
10468323333848628597 3 9 2
1003255124244034494 3 9 2
2941147491413497985 3 9 2
2163373479189057185 3 9 4
190836544662603478 3 9 4
1035794909430237074 3 9 4
11540767433172410545 3 9 4
9859566598391143225 3 9 4
12889675899845761996 3 9 4
3013481904500377544 3 9 4
13112198366669076487 3 9 4
8232059384278772362 3 9 4
8873057100057192907 3 9 4
18368446245674808696 3 9 8
8203976951840170108 3 9 8
3799801353994578628 3 9 8
7684758606085802026 3 9 8
3916856544183585889 3 9 8
16546328556460088497 3 9 8
14863304128849340043 3 9 8
13391677736929669789 3 9 8
6850923022108446386 3 9 8
14493658510494268994 3 9 8
4839130604802473351 3 9 16
17019526082249326816 3 9 16
15264374241793742549 3 9 16
5050047402100240990 3 9 16
9862156419244163982 3 9 16
2207072964426777448 3 9 16
12457571515810681187 3 9 16
4443872007572968194 3 9 16
12988993852436191461 3 9 16
83003548915686056 3 9 16
2533204140500671550 3 9 32
13515749708132754774 3 9 32
7077830863376871531 3 9 32
6745613166129836113 3 9 32
15900817539124728282 3 9 32
4145007475364258296 3 9 32
15087189805064439407 3 9 32
1337507496476938733 3 9 32
1229557521795973128 3 9 32
17820556993000113767 3 9 32
9369149316132644799 3 9 64
9542377163918560579 3 9 64
6564975963297946376 3 9 64
13054871129091549244 3 9 64
16754961940246542909 3 9 64
4146389711944925361 3 9 64
1003396404791380806 3 9 64
11326009033913213925 3 9 64
6340274408959806326 3 9 64
12531653175453072832 3 9 64
8246250066052974368 3 9 128
7701721458172095014 3 9 128
7465998074374308429 3 9 128
5045158183685820535 3 9 128
9230866390755123819 3 9 128
2805234971449667329 3 9 128
11080487697614522799 3 9 128
16662769747031754202 3 9 128
8055356811263932102 3 9 128
11698364537458278702 3 9 128
1184550156780236002 3 10 1
2476373789673684968 3 10 1
15881635013943054839 3 10 1
14417202650774959912 3 10 1
1957960302814142897 3 10 1
8761778354505610724 3 10 1
965307757031957500 3 10 1
13893478091454674642 3 10 1
6699888764256551548 3 10 1
8306797398423703743 3 10 1
6739307562968580398 3 10 2
4022551276112310208 3 10 2
17738408139570571604 3 10 2
8488610401228767015 3 10 2
16570913080746073011 3 10 2
12775252506617551469 3 10 2
11127294808176653909 3 10 2
6492898024176811296 3 10 2
7661887237504665435 3 10 2
13556798939198916795 3 10 2
5249019213968862891 3 10 4
1760554274314673106 3 10 4
6157584975657341921 3 10 4
12704097381562540843 3 10 4
9489085626825153013 3 10 4
12666190260544041729 3 10 4
11614638440113569977 3 10 4
4207113557196581085 3 10 4
14903589966732094381 3 10 4
2142088325217592168 3 10 4
8852297885545150241 3 10 8
304552135531531958 3 10 8
6164020842130185261 3 10 8
1827307643198231892 3 10 8
4806718753365367449 3 10 8
5900794238534064258 3 10 8
5706376217097772780 3 10 8
5300975729379483040 3 10 8
5995984231548315656 3 10 8
2973339341604501632 3 10 8
15111414329441961039 3 10 16
11940086586237469584 3 10 16
6011301696264765882 3 10 16
14017963770687514393 3 10 16
7065192658677666035 3 10 16
8350887036563769615 3 10 16
5736308442297493107 3 10 16
103855543018013808 3 10 16
122415076804122378 3 10 16
14531290082062969855 3 10 16
4878578241948059607 3 10 32
2886253103560019597 3 10 32
11329204969718471958 3 10 32
9227046967986787067 3 10 32
4047938024798521061 3 10 32
15656253349469230938 3 10 32
4066325854788110412 3 10 32
935175950132931536 3 10 32
16027279373836892674 3 10 32
780542377321175266 3 10 32
13458943310544659442 3 10 64
8748926115263143106 3 10 64
8569397861335765796 3 10 64
17564797793692306215 3 10 64
16686064344333159044 3 10 64
7097339957496818819 3 10 64
17753287502410776767 3 10 64
16249568291101820006 3 10 64
8910179324449134039 3 10 64
14835944348314012643 3 10 64
1162580959125291317 3 10 128
43168904983822132 3 10 128
9498152584843452641 3 10 128
8672811722356747077 3 10 128
6289188649519584185 3 10 128
6547672671596906522 3 10 128
16222058519063883783 3 10 128
1702717467577771658 3 10 128
10845649267784288883 3 10 128
16074998273450588332 3 10 128
13496370323414465114 4 1 1
13640337149828128380 4 1 1
10896575816642704947 4 1 1
8099755477151956247 4 1 1
1102545727645434355 4 1 1
5798329982801811059 4 1 1
17834408981077152223 4 1 1
828591421113165656 4 1 1
15984284701863710518 4 1 1
13703387292701548524 4 1 1
11846421291726667203 4 1 2
11611541425447265853 4 1 2
8584579715752623069 4 1 2
15434781454464378202 4 1 2
17567936322210165495 4 1 2
4145559008562987826 4 1 2
7069610503695937819 4 1 2
17151455669149241763 4 1 2
10212741892059153407 4 1 2
5053058794510565594 4 1 2
4378566051519466618 4 1 4
10179699632841767286 4 1 4
4030140955338204637 4 1 4
16137077675088043996 4 1 4
9476079838422368250 4 1 4
1117428516362228688 4 1 4
7357913564196763380 4 1 4
17211478876226662223 4 1 4
7542761504793202505 4 1 4
2033354936264221497 4 1 4
6799002075207756819 4 1 8
7070763313946299377 4 1 8
9879666844441540926 4 1 8
4952689561618178292 4 1 8
1425303844737116848 4 1 8
8040378632908116171 4 1 8
15431359043254040195 4 1 8
14356436495714086090 4 1 8
15970220610588668358 4 1 8
13253291966770149675 4 1 8
13853803441968046057 4 1 16
13045118520795418115 4 1 16
16245678145482047904 4 1 16
8551906148371491946 4 1 16
17238652198037730053 4 1 16
5019782037164075417 4 1 16
2876696050906288526 4 1 16
1080036051708221013 4 1 16
7612663987845521304 4 1 16
2337330656068012941 4 1 16
14883801339871876770 4 1 32
549449004687566378 4 1 32
7005690851812516888 4 1 32
13864464404369542789 4 1 32
12168822146507889841 4 1 32
10915200314131571656 4 1 32
516843181381358425 4 1 32
113968730918507429 4 1 32
15876804765737099996 4 1 32
318548349668234547 4 1 32
14445024713286113404 4 1 64
11982430700256211971 4 1 64
16535235726870307390 4 1 64
3224538150425891277 4 1 64
6303279722378301914 4 1 64
9320211185061625740 4 1 64
6040784972554030762 4 1 64
15826744179778372995 4 1 64
12574581934957046458 4 1 64
971123751983279621 4 1 64
11535729122118811019 4 1 128
1589572716084541331 4 1 128
11467347362782550889 4 1 128
3053199792145245382 4 1 128
13845155683438559250 4 1 128
5754357131135492341 4 1 128
13368654731570897515 4 1 128
5089385179728967446 4 1 128
5760784987874868995 4 1 128
2161706512665048489 4 1 128
10916799031162610807 4 2 1
1396967283640820295 4 2 1
4224076366714005776 4 2 1
9596592128718036817 4 2 1
2539734298384875500 4 2 1
3446799929998906698 4 2 1
17636298145722185227 4 2 1
13448366332494943818 4 2 1
6116227260995562874 4 2 1
5306227816069778343 4 2 1
16829545017289201163 4 2 2
14236367980143101560 4 2 2
17300417534801618785 4 2 2
16465569435263803713 4 2 2
13032101738934023528 4 2 2
5741581308803117511 4 2 2
529323813448464910 4 2 2
4420643785925410571 4 2 2
382260526087745694 4 2 2
1808550056433036311 4 2 2
3898667437515543083 4 2 4
6515306985244543784 4 2 4
17751773465081576318 4 2 4
5337201933639667211 4 2 4
14284576990613433179 4 2 4
7469794379875537971 4 2 4
15951718013206854175 4 2 4
5738872541330316485 4 2 4
8932865132471926785 4 2 4
9202840523045295091 4 2 4
6049302667502751095 4 2 8
12934055980963548446 4 2 8
2437593550520328549 4 2 8
11174474555801166239 4 2 8
14488049051629853418 4 2 8
16296710810550069939 4 2 8
464899424387213293 4 2 8
5671866635220015082 4 2 8
4595717353029611624 4 2 8
3202678517514379280 4 2 8
703506597550193802 4 2 16
4905216442717374826 4 2 16
1844836274748653639 4 2 16
34047105466251594 4 2 16
2661820689515023159 4 2 16
14789143724346388716 4 2 16
15608603646506209186 4 2 16
3586863554855980606 4 2 16
9255837011158870924 4 2 16
14160491693578054188 4 2 16
6452457573028894746 4 2 32
2263626544796227862 4 2 32
11635143409698581377 4 2 32
9404388568448003277 4 2 32
10519734235819975237 4 2 32
6331879208350092824 4 2 32
8622851584208724937 4 2 32
2979673793149627743 4 2 32
1074884989655006054 4 2 32
584228824638921817 4 2 32
16188412517056788485 4 2 64
4227306878505918160 4 2 64
2006694675606621798 4 2 64
16170861115852513291 4 2 64
10301085862613745254 4 2 64
16807809452557454867 4 2 64
13320644045618362029 4 2 64
2646688218035027921 4 2 64
184903983949424144 4 2 64
13641174807261945229 4 2 64
3289871624046519181 4 2 128
15047295570493611849 4 2 128
14595755719014626150 4 2 128
10321966123167956774 4 2 128
16720711353163500704 4 2 128
2796380276978825485 4 2 128
11123996088633202259 4 2 128
10392055119633280602 4 2 128
1427931393048075916 4 2 128
15073274359168300335 4 2 128
4622614413096786036 4 3 1
4407604947853043836 4 3 1
15554225220597139194 4 3 1
5235266594937225593 4 3 1
18333914355951587211 4 3 1
14622424752544908802 4 3 1
6497490196289771340 4 3 1
3309493537092475643 4 3 1
6739924350355870750 4 3 1
2791461738444550261 4 3 1
3091350338608414851 4 3 2
15594386553462407277 4 3 2
12097968276123200821 4 3 2
8567796076623793160 4 3 2
11901395345344800264 4 3 2
15301625198909802104 4 3 2
8270079813726622915 4 3 2
14903480673148013332 4 3 2
18414427689237216019 4 3 2
13929858476964121334 4 3 2
18241131302713539562 4 3 4
579224980085763255 4 3 4
8553535281583439354 4 3 4
6651167270197746354 4 3 4
16887401015425856982 4 3 4
9313603079488312698 4 3 4
12226144266156526611 4 3 4
15768176310769272952 4 3 4
13673552410475003362 4 3 4
11843537604173063890 4 3 4
2153827119906590814 4 3 8
43770092474729115 4 3 8
17079983624824320646 4 3 8
6762278339822934642 4 3 8
18266022071042728776 4 3 8
13288958315748827603 4 3 8
15687089173260829253 4 3 8
4251531022035794540 4 3 8
1021020100486412807 4 3 8
15316233992674992944 4 3 8
3570540965190827407 4 3 16
11882987964616218425 4 3 16
1987807869162582831 4 3 16
14196540501997836403 4 3 16
5169300147087004859 4 3 16
2457617156116861944 4 3 16
12619745280638332357 4 3 16
4236225087764246195 4 3 16
13925759216783759187 4 3 16
3810541931208792138 4 3 16
9699657173859321247 4 3 32
13749735025324620904 4 3 32
14472986447056945776 4 3 32
8397518645415271254 4 3 32
12537756656078140655 4 3 32
11201176219883854091 4 3 32
16364484747803127108 4 3 32
8893924077133686400 4 3 32
9879427977755212273 4 3 32
4060358028898533893 4 3 32
7508039803047789639 4 3 64
14554355840433633933 4 3 64
5582946023930007161 4 3 64
12268525369505125183 4 3 64
14517574521912112126 4 3 64
18445898867092195709 4 3 64
3229502535577577100 4 3 64
14261624853271801380 4 3 64
9871537951826736536 4 3 64
17225009709930147294 4 3 64
7331366062318636589 4 3 128
2556110095757846622 4 3 128
6634691403888334640 4 3 128
18143481818066705973 4 3 128
15493710017454677171 4 3 128
15949654157978089409 4 3 128
12053594710588402899 4 3 128
18298428874450239004 4 3 128
281036990861239159 4 3 128
9112383178624226945 4 3 128
12827338675723198050 4 4 1
13444874905195211219 4 4 1
4146063717439435601 4 4 1
14565000458414699046 4 4 1
17699701247155473785 4 4 1
826267533738399516 4 4 1
16984402245174272271 4 4 1
11453352484507249609 4 4 1
226206646550593602 4 4 1
10084135717531671138 4 4 1
7582401576524866858 4 4 2
10372101225307539746 4 4 2
13268248453797957760 4 4 2
5505715157778764991 4 4 2
17639583364352639527 4 4 2
10580239898756685061 4 4 2
2475303894197124762 4 4 2
17277626394803495615 4 4 2
11244366005662374284 4 4 2
10475250199338217560 4 4 2
17754552171149537035 4 4 4
3593317970495381839 4 4 4
2370041221211062611 4 4 4
13285000437424606966 4 4 4
13543584675443303220 4 4 4
15612153106056665391 4 4 4
7860697924159121860 4 4 4
3484251940759744200 4 4 4
16232023620127546957 4 4 4
5352439224825792209 4 4 4
500472093814113680 4 4 8
18356495678392549297 4 4 8
11635571353757878196 4 4 8
7732491776506364455 4 4 8
7271903983066492480 4 4 8
2241527352691933916 4 4 8
16324023502516475055 4 4 8
16830855128954017155 4 4 8
2026287668900812706 4 4 8
14094322438439371025 4 4 8
13035156270433388665 4 4 16
16558114311167191535 4 4 16
1640930692467402481 4 4 16
3655758987142503783 4 4 16
2580417842793710836 4 4 16
10446480911355838336 4 4 16
9653094856867640823 4 4 16
4972005297698614095 4 4 16
13050180904797176817 4 4 16
9023592138729869 4 4 16
1017478602382341148 4 4 32
4222840718193050840 4 4 32
18316312198266470382 4 4 32
15679340929774000385 4 4 32
13223426761213548927 4 4 32
1761991844087843399 4 4 32
10737713682287698116 4 4 32
16667180609328974924 4 4 32
13613858479954420621 4 4 32
1632944911625577482 4 4 32
15967844492425640533 4 4 64
4082598953748240459 4 4 64
8735723520714816202 4 4 64
1835637800723534916 4 4 64
6529340722589957642 4 4 64
13987691086474994774 4 4 64
12798845674885686350 4 4 64
13878325642661665841 4 4 64
10243582378563041357 4 4 64
10093936334962480240 4 4 64
8723084326705646170 4 4 128
2224378363414160891 4 4 128
17869556988722122243 4 4 128
3749089460439848721 4 4 128
14869005667546027670 4 4 128
5038520717265934870 4 4 128
6784065226991487824 4 4 128
9375290531998214051 4 4 128
11145196679338533707 4 4 128
18397124694710824845 4 4 128
9679926685025289196 4 5 1
2647531141781713646 4 5 1
4102683647735275899 4 5 1
9517296250359855791 4 5 1
15410676364554937944 4 5 1
10649156315243447507 4 5 1
14187249516255408194 4 5 1
3488219144384372076 4 5 1
5337726259536380994 4 5 1
2333624274221596845 4 5 1
5842428475683468086 4 5 2
6393545747085076401 4 5 2
5153712672150853919 4 5 2
17571375981791999158 4 5 2
4925213995740544777 4 5 2
10720553655119882216 4 5 2
2655016843564708661 4 5 2
16923909752949052856 4 5 2
4182072469250554668 4 5 2
5235708938276740015 4 5 2
780669924934756940 4 5 4
17957787077469124355 4 5 4
8964842558357146506 4 5 4
309317370146611571 4 5 4
7242159740938410687 4 5 4
10864300245973570216 4 5 4
12761921117090062453 4 5 4
14541331443034676594 4 5 4
14573309765331903329 4 5 4
13491577803394533303 4 5 4
8990840282850383169 4 5 8
17006462834444727520 4 5 8
5772863262352205006 4 5 8
3164288477955014125 4 5 8
2526343395176353554 4 5 8
8805502881305154534 4 5 8
14234118736795089145 4 5 8
15354833831903471296 4 5 8
18318042370788459872 4 5 8
2963890846594657658 4 5 8
9519692087460552730 4 5 16
7884149293326778712 4 5 16
7830437739309393339 4 5 16
12465666049664964154 4 5 16
9166842693699078286 4 5 16
7381398597119039727 4 5 16
9094619014569717392 4 5 16
634784677973652056 4 5 16
7762512811643433521 4 5 16
6959348719444667883 4 5 16
10743220936537755178 4 5 32
16658517337690835977 4 5 32
9587493473817915459 4 5 32
9223252940219409983 4 5 32
802354594024872148 4 5 32
12039218541556027644 4 5 32
8757914635661291455 4 5 32
3524426431502297375 4 5 32
18063644448449549471 4 5 32
2199939082874731359 4 5 32
1691104915403758955 4 5 64
8067919218351003976 4 5 64
10128745288778638067 4 5 64
8305334331197152908 4 5 64
526318830661309853 4 5 64
11217014101016618124 4 5 64
2147685083618215299 4 5 64
16204449476941586477 4 5 64
7450286928497900122 4 5 64
12772550771265120319 4 5 64
14371170420958844877 4 5 128
8649674752387339244 4 5 128
4956491281583056596 4 5 128
3241849811511853604 4 5 128
7488097484680005089 4 5 128
16811268503127554527 4 5 128
5277785518302585809 4 5 128
15277853722619321639 4 5 128
4958800508635788066 4 5 128
6015100816695866749 4 5 128
18265329674156461241 4 6 1
13166817393262417544 4 6 1
3624828140885193634 4 6 1
17138839455265637991 4 6 1
11986352173698540404 4 6 1
1490906233050239071 4 6 1
2995806952540036704 4 6 1
18017069565328642600 4 6 1
15766140700723723624 4 6 1
2053040775448203931 4 6 1
3040689334006736073 4 6 2
9964306258447905655 4 6 2
15910277808024636875 4 6 2
15010788814296147473 4 6 2
17022730176779314192 4 6 2
14220130816406578530 4 6 2
9882981135918673067 4 6 2
6845763439243080289 4 6 2
9835402656343808404 4 6 2
5790491003069920277 4 6 2
3948667694111819856 4 6 4
9954909180381179557 4 6 4
7125300564751704669 4 6 4
11358976470774757230 4 6 4
15208440314488985618 4 6 4
7743020521368561831 4 6 4
7556000608342272585 4 6 4
7023209286607855023 4 6 4
10120985905066685218 4 6 4
11686806330628654561 4 6 4
17838853286915673545 4 6 8
2589556268623675593 4 6 8
10093723750953190264 4 6 8
1023267984307615816 4 6 8
16253559612766000453 4 6 8
18046151771747117616 4 6 8
15925398321537947246 4 6 8
16869700816931687950 4 6 8
15157027698064908480 4 6 8
7717281771659382545 4 6 8
16883405278895394755 4 6 16
9648339607106602804 4 6 16
7674625435681051263 4 6 16
13942183243188643155 4 6 16
9701461249560440181 4 6 16
13451568319900287369 4 6 16
3276346138005940129 4 6 16
17663791209666189338 4 6 16
12837642846154189476 4 6 16
3812645335909685634 4 6 16
5912899445306216719 4 6 32
4725721625721843182 4 6 32
394033371024680016 4 6 32
15152936191204986633 4 6 32
8741532297293155403 4 6 32
8648773777042139506 4 6 32
4640277670447045210 4 6 32
1353510132425457442 4 6 32
2935626165488667830 4 6 32
4132569373108074423 4 6 32
4791006943223694834 4 6 64
6013720022855712813 4 6 64
9549902154562271790 4 6 64
13797915581494458788 4 6 64
12397648861797303783 4 6 64
2467448724571347546 4 6 64
16306193029062230004 4 6 64
11760005877611276221 4 6 64
9240007866005988585 4 6 64
2376876933201705457 4 6 64
7697037663190540478 4 6 128
3256725367716559954 4 6 128
10645287577650718658 4 6 128
13743614774167860487 4 6 128
8922848548733705183 4 6 128
11793106541569819988 4 6 128
9439108212934534575 4 6 128
16401153841478985421 4 6 128
1479705956071658557 4 6 128
4044831157121397929 4 6 128
13586713620386793763 4 7 1
2086060250219687113 4 7 1
2493312942997775466 4 7 1
16383520819894456934 4 7 1
6280948914076889508 4 7 1
16897642385531998851 4 7 1
13574437810561219390 4 7 1
6714623015603295521 4 7 1
9818080246127383288 4 7 1
11298511412979932912 4 7 1
3111426271803936386 4 7 2
5645586522671028985 4 7 2
11967195600478196049 4 7 2
15173449972210502421 4 7 2
4886894330028395813 4 7 2
14127372534647613306 4 7 2
5995035124836077729 4 7 2
13031885214402659395 4 7 2
11205990635912640428 4 7 2
1346188232994323320 4 7 2
130240024595922491 4 7 4
17523920464057820952 4 7 4
14963730194650889245 4 7 4
14804812849359805376 4 7 4
1474697985144326609 4 7 4
12514322180393078554 4 7 4
9600300986878361236 4 7 4
492795797259573540 4 7 4
5897272869762184618 4 7 4
1418337183757983360 4 7 4
12552137254392923471 4 7 8
3444142991098473606 4 7 8
1327591357218505986 4 7 8
745902476316328630 4 7 8
4836555987125195635 4 7 8
692600493715366149 4 7 8
8539178986658710017 4 7 8
13594125087541061591 4 7 8
12249400685116919581 4 7 8
2904756391493805152 4 7 8
12601644730747240982 4 7 16
13525891433734721100 4 7 16
10796071954345698321 4 7 16
3924513632036674186 4 7 16
4298426757536238472 4 7 16
9107279175525416736 4 7 16
18314837090808380246 4 7 16
15342095608964810922 4 7 16
9258237363320897681 4 7 16
11338291095756141698 4 7 16
13374437803619595446 4 7 32
5615290731466283097 4 7 32
10377093616012964239 4 7 32
8736900857188780843 4 7 32
17451968619422595616 4 7 32
14538827261564910853 4 7 32
12438065244716703758 4 7 32
87523364459212622 4 7 32
6345232798409427126 4 7 32
15624608846783502803 4 7 32
4916845907061339163 4 7 64
1325294162405404122 4 7 64
5500884935874027584 4 7 64
10530518595736897531 4 7 64
377035255981054831 4 7 64
5012968848299718290 4 7 64
11156511005571008652 4 7 64
3351403498859696869 4 7 64
3010267112605803872 4 7 64
12942715045400531449 4 7 64
18166503719171043151 4 7 128
16799559564416195422 4 7 128
8686023170090772793 4 7 128
6272244575037775742 4 7 128
2379286826806583692 4 7 128
1520994334412670919 4 7 128
5065231964274777327 4 7 128
13934387439597487220 4 7 128
8097950196825508348 4 7 128
6171788639093100617 4 7 128
10330422103086059946 4 8 1
2326651448235328119 4 8 1
10338292050954574997 4 8 1
2397789421527175529 4 8 1
17158523515173590163 4 8 1
17578510688964413982 4 8 1
2848450253990398584 4 8 1
2977702971992585617 4 8 1
5679585584855205429 4 8 1
3557913855039488523 4 8 1
9400170849996080289 4 8 2
453052853201051018 4 8 2
6811577436009757596 4 8 2
18253634234005311480 4 8 2
7771825087421767401 4 8 2
15208325323320012620 4 8 2
5409385541984202128 4 8 2
6954343005502884184 4 8 2
8313911029282754936 4 8 2
10601204113986398194 4 8 2
13617173384076671482 4 8 4
7549910925328270380 4 8 4
14500113153108890036 4 8 4
4197469870661538416 4 8 4
6007987239028584368 4 8 4
8464079172389065900 4 8 4
5967840539191687016 4 8 4
17334736052729035704 4 8 4
96716490016809232 4 8 4
8374638796428977897 4 8 4
7644085634213709843 4 8 8
16478715225769077783 4 8 8
7921646491676369471 4 8 8
3077868359554675719 4 8 8
12279611187564297020 4 8 8
11584439931076313035 4 8 8
14390801807950925160 4 8 8
17902674470015072410 4 8 8
17531339359001086912 4 8 8
15461318877586706444 4 8 8
9446774029657987858 4 8 16
5294510453618365377 4 8 16
12195669059464982451 4 8 16
140156863265449007 4 8 16
9363789967623261239 4 8 16
1643237538921875132 4 8 16
3038908254934147900 4 8 16
14602305637261472938 4 8 16
12455928508182455469 4 8 16
6158566199427936698 4 8 16
1552539512365882527 4 8 32
17966888450374425023 4 8 32
13321903495530881883 4 8 32
1162039558483614881 4 8 32
17953688720614487386 4 8 32
17009846737925870624 4 8 32
4402602231443828481 4 8 32
1286024774261015327 4 8 32
7699899494184403654 4 8 32
7809153236979661734 4 8 32
9972758225603434236 4 8 64
5489058100178771704 4 8 64
14254082679274528159 4 8 64
17480590773099199637 4 8 64
11365029772889246094 4 8 64
2125199888589631077 4 8 64
16415778213129603813 4 8 64
7752153219252349740 4 8 64
3302587532108133415 4 8 64
1225354152547514547 4 8 64
2541191586874571903 4 8 128
6186800763456273400 4 8 128
2378678750813771546 4 8 128
6271465309354536445 4 8 128
15458816434405970419 4 8 128
7814634391163150744 4 8 128
18069018123743389438 4 8 128
13283922951981119501 4 8 128
2085646363378189091 4 8 128
4877679993536364649 4 8 128
10855914974932460866 4 9 1
17975843840162751886 4 9 1
8979990548782317897 4 9 1
5516996444053419376 4 9 1
5400031983506388927 4 9 1
931483406757551366 4 9 1
15005779595153144430 4 9 1
12591685143267306362 4 9 1
7443335886909356535 4 9 1
11638854198726765191 4 9 1
17313512039798576918 4 9 2
17055335244047139631 4 9 2
6011376003855378273 4 9 2
3677017395709581527 4 9 2
4749647787920100613 4 9 2
5367925945077113352 4 9 2
11211807302540539646 4 9 2
1843439723584360130 4 9 2
11965135196510951243 4 9 2
467474397877428460 4 9 2
9148499005175870973 4 9 4
14066062786407702119 4 9 4
6314413691434655747 4 9 4
7755795301700353077 4 9 4
15827774703552108150 4 9 4
12394064070672945742 4 9 4
13356819891751533805 4 9 4
5839744551812923550 4 9 4
14134412979866473430 4 9 4
11744550563033142387 4 9 4
5931332125113095238 4 9 8
7752779728047866357 4 9 8
16286561300895655706 4 9 8
6433110362784476264 4 9 8
3256110216095448969 4 9 8
8340448696423795904 4 9 8
4777849873215620322 4 9 8
6039400934127977959 4 9 8
14150703516407227537 4 9 8
4733089010309793233 4 9 8
17790452777889963359 4 9 16
17522861550347415473 4 9 16
1705247873526992156 4 9 16
6712913212775296110 4 9 16
6830392256051218289 4 9 16
7962100786537543844 4 9 16
18404602469881346948 4 9 16
5810850120273368623 4 9 16
9897327703536178750 4 9 16
2276552477555861009 4 9 16
12665811689614960337 4 9 32
19852223415635330 4 9 32
12597574388924192789 4 9 32
8320400984599521156 4 9 32
5127246269991505399 4 9 32
10582184130941182260 4 9 32
3962457699683967918 4 9 32
538543743521264639 4 9 32
5748041932086516486 4 9 32
7840819569982594473 4 9 32
6490736526850850928 4 9 64
4780834919726155168 4 9 64
7334877341450204831 4 9 64
13307497286201559690 4 9 64
14842533739515075364 4 9 64
11643153862010250813 4 9 64
16065265311377197326 4 9 64
15184420646847881998 4 9 64
13615232995849053950 4 9 64
14154468156238214255 4 9 64
16306365339907973525 4 9 128
14994387837498206855 4 9 128
4673682049718769611 4 9 128
18080642887906653760 4 9 128
4273930135581623722 4 9 128
11564916366104697447 4 9 128
10985807083228061974 4 9 128
2344502735118986742 4 9 128
4392507453622019816 4 9 128
17687192523927659833 4 9 128
14985588307341972544 4 10 1
2250277974315947510 4 10 1
1515099698818737957 4 10 1
11357874702488743808 4 10 1
3867252127128678408 4 10 1
1426782603550112870 4 10 1
7976405661702689650 4 10 1
1085154913464733297 4 10 1
577066213275714605 4 10 1
17900353084150034504 4 10 1
10900527861445960391 4 10 2
6710372910289740436 4 10 2
15149655757364437618 4 10 2
11858100824282110200 4 10 2
3677976430340370580 4 10 2
6102141939226172208 4 10 2
1159422930947855021 4 10 2
8553652181747447431 4 10 2
1597321516952072359 4 10 2
345174935614458961 4 10 2
11309303433675682139 4 10 4
987699857907687670 4 10 4
2707345724704675630 4 10 4
15692993683708406106 4 10 4
5606658522065911909 4 10 4
2474834425869286743 4 10 4
5350469687328205848 4 10 4
17130549590360759483 4 10 4
3193837803840563943 4 10 4
10550260912727527872 4 10 4
5073388480158952718 4 10 8
8895624915041619612 4 10 8
16607057276567529465 4 10 8
15634420264259204446 4 10 8
16134052205201510902 4 10 8
16662853655966409155 4 10 8
2613531713074449213 4 10 8
11603475705308859658 4 10 8
8890491454675672989 4 10 8
1709397042376301074 4 10 8
10555888906363738571 4 10 16
13638895185946532600 4 10 16
7808972069249906426 4 10 16
14181415934739896866 4 10 16
173788636168315418 4 10 16
4805100679272768880 4 10 16
1266093417554729319 4 10 16
17256605537481308842 4 10 16
5569321011779063131 4 10 16
17941743796747955161 4 10 16
3324621179908770624 4 10 32
15655368455004851355 4 10 32
6259845202218651363 4 10 32
2083122193943107433 4 10 32
3559069784971652177 4 10 32
12195126620599381284 4 10 32
15649480725160988429 4 10 32
6940208963572025936 4 10 32
17408955903800590002 4 10 32
6647793304948536329 4 10 32
2291252235787461471 4 10 64
10623414676525358762 4 10 64
13915830831168945309 4 10 64
15159776914534595119 4 10 64
2377418480683224612 4 10 64
9107020734506514933 4 10 64
13966679346876105413 4 10 64
14325401219775435524 4 10 64
2845081710666921951 4 10 64
3515658899176524102 4 10 64
1145313962982679964 4 10 128
16552961278362046468 4 10 128
1897620399942113223 4 10 128
13654417065209429437 4 10 128
12766103346519042661 4 10 128
5757156558778228095 4 10 128
4660884351984808473 4 10 128
4390904912600969477 4 10 128
5838440674990151828 4 10 128
14830895648172512531 4 10 128
